Episode #,Training Iter,Epoch,In Heatup,ER #Transitions,ER #Episodes,Episode Length,Total steps,Epsilon,Shaped Training Reward,Training Reward,Update Target Network,Wall-Clock Time,Evaluation Reward,Shaped Evaluation Reward,Success Rate,Inverse Propensity Score,Direct Method Reward,Doubly Robust,Weighted Importance Sampling,Sequential Doubly Robust,Loss/Mean,Loss/Stdev,Loss/Max,Loss/Min,Learning Rate/Mean,Learning Rate/Stdev,Learning Rate/Max,Learning Rate/Min,Grads (unclipped)/Mean,Grads (unclipped)/Stdev,Grads (unclipped)/Max,Grads (unclipped)/Min,Discounted Return/Mean,Discounted Return/Stdev,Discounted Return/Max,Discounted Return/Min,Q/Mean,Q/Stdev,Q/Max,Q/Min
1,0.0,0.0,1.0,18.0,18.0,9.0,9.0,0.0,,,0.0,0.03332233428955078,,,,,,,,,,,,,,,,,,,,,23.421944444444446,49.979888485205535,99.0,-11.8804,,,,
2,0.0,0.0,1.0,52.0,52.0,17.0,26.0,0.0,,,0.0,0.28155064582824707,,,,,,,,,,,,,,,,,,,,,3.253682352941176,41.179463545176404,97.0,-16.8804,,,,
3,0.0,0.0,1.0,202.0,202.0,75.0,101.0,0.0,,,0.0,0.8672223091125488,,,,,,,,,,,,,,,,,,,,,-13.703122666666665,2.7409740333233534,-4.0,-16.8804,,,,
4,0.0,0.0,1.0,234.0,234.0,16.0,117.0,0.0,,,0.0,1.031226634979248,,,,,,,,,,,,,,,,,,,,,6.306487500000001,41.08469669621334,96.01,-16.8804,,,,
5,0.0,0.0,1.0,384.0,384.0,75.0,192.0,0.0,,,0.0,1.6045222282409668,,,,,,,,,,,,,,,,,,,,,-14.099136000000001,2.7111272821289676,-4.0,-16.8804,,,,
6,0.0,0.0,1.0,534.0,534.0,75.0,267.0,0.0,,,0.0,2.2221293449401855,,,,,,,,,,,,,,,,,,,,,-14.297142666666668,2.7226067406157326,-4.0,-16.8804,,,,
7,0.0,0.0,1.0,628.0,628.0,47.0,314.0,0.0,,,0.0,2.6007680892944336,,,,,,,,,,,,,,,,,,,,,-8.406444680851065,26.344410142900628,97.0,-16.8804,,,,
8,0.0,0.0,1.0,686.0,686.0,29.0,343.0,0.0,,,0.0,2.844456434249878,,,,,,,,,,,,,,,,,,,,,-2.665593103448274,32.275451070860946,97.0,-16.8804,,,,
9,0.0,0.0,1.0,836.0,836.0,75.0,418.0,0.0,,,0.0,3.4451351165771484,,,,,,,,,,,,,,,,,,,,,-14.429809333333337,2.817179079394769,-4.0,-16.8804,,,,
10,0.0,0.0,1.0,986.0,986.0,75.0,493.0,0.0,,,0.0,4.017992973327637,,,,,,,,,,,,,,,,,,,,,-14.429809333333337,2.817179079394769,-4.0,-16.8804,,,,
11,0.0,0.0,1.0,1022.0,1022.0,18.0,511.0,0.0,,,0.0,4.200309753417969,,,,,,,,,,,,,,,,,,,,,4.392966666666667,40.17629107283161,99.0,-16.8804,,,,
12,0.0,0.0,1.0,1172.0,1172.0,75.0,586.0,0.0,,,0.0,4.778239727020264,,,,,,,,,,,,,,,,,,,,,-13.703122666666665,2.438180848779042,-9.0,-16.8804,,,,
13,0.0,0.0,1.0,1178.0,1178.0,3.0,589.0,0.0,,,0.0,4.842777490615845,,,,,,,,,,,,,,,,,,,,,94.02663333333334,4.053963410732211,99.0,89.0699,,,,
14,0.0,0.0,1.0,1190.0,1190.0,6.0,595.0,0.0,,,0.0,4.932321071624756,,,,,,,,,,,,,,,,,,,,,41.07311666666667,53.03104974479312,99.0,-11.8804,,,,
15,0.0,0.0,1.0,1220.0,1220.0,15.0,610.0,0.0,,,0.0,5.0824761390686035,,,,,,,,,,,,,,,,,,,,,7.320939999999998,43.4471831998163,99.0,-16.8804,,,,
16,0.0,0.0,1.0,1370.0,1370.0,75.0,685.0,0.0,,,0.0,5.660905599594116,,,,,,,,,,,,,,,,,,,,,-13.901129333333332,2.685036598572334,-4.0,-16.8804,,,,
17,0.0,0.0,1.0,1520.0,1520.0,75.0,760.0,0.0,,,0.0,6.256740570068359,,,,,,,,,,,,,,,,,,,,,-13.703122666666665,2.7409740333233534,-4.0,-16.8804,,,,
18,0.0,0.0,1.0,1530.0,1530.0,5.0,765.0,0.0,,,0.0,6.339853763580322,,,,,,,,,,,,,,,,,,,,,48.48578,53.44244884240991,97.0,-16.8804,,,,
19,0.0,0.0,1.0,1680.0,1680.0,75.0,840.0,0.0,,,0.0,6.9353649616241455,,,,,,,,,,,,,,,,,,,,,-13.835789333333333,2.4705322623582333,-9.0,-16.8804,,,,
20,0.0,0.0,1.0,1686.0,1686.0,3.0,843.0,0.0,,,0.0,7.006271123886108,,,,,,,,,,,,,,,,,,,,,94.02663333333334,4.053963410732211,99.0,89.0699,,,,
21,0.0,0.0,1.0,1692.0,1692.0,3.0,846.0,0.0,,,0.0,7.083676815032959,,,,,,,,,,,,,,,,,,,,,94.02663333333334,4.053963410732211,99.0,89.0699,,,,
22,0.0,0.0,1.0,1842.0,1842.0,75.0,921.0,0.0,,,0.0,7.6715781688690186,,,,,,,,,,,,,,,,,,,,,-14.231802666666665,2.521596044200225,-9.0,-16.8804,,,,
23,0.0,0.0,1.0,1988.0,1988.0,73.0,994.0,0.0,,,0.0,8.253822326660156,,,,,,,,,,,,,,,,,,,,,-9.765802739726025,21.63852263533702,99.0,-16.8804,,,,
24,0.0,0.0,1.0,2044.0,2044.0,28.0,1022.0,0.0,,,1.0,8.511711835861206,,,,,,,,,,,,,,,,,,,,,-2.479700000000002,33.53772353284752,99.0,-16.8804,,,,
25,2.0,0.0,0.0,2050.0,2050.0,3.0,1025.0,0.0,91.0,91.0,0.0,11.050925731658936,,,,,,,,,419.9796447753906,6.859466552734375,426.839111328125,413.12017822265625,0.00025,0.0,0.00025,0.00025,7.014985,0.4670136,7.481999,6.5479717,94.02663333333334,4.053963410732211,99.0,89.0699,0.011722731304277728,0.013838069352378371,0.04179016649723108,-0.017416816687729764
26,77.0,0.0,0.0,2200.0,2200.0,75.0,1100.0,0.0,-355.0,-355.0,1.0,27.727160930633545,,,,,,,,,299.2743295205606,109.9001878633154,671.0948486328125,87.64920043945312,0.00025000000000000006,5.421010862427522e-20,0.00025,0.00025,6232.363,7603.972,42310.2,8.760741,-13.835789333333333,2.7697910497640237,-4.0,-16.8804,-2.534255252261167,4.201866781177696,9.743147599924463,-8.813858338219635
27,152.0,0.0,0.0,2350.0,2350.0,75.0,1175.0,0.0,-365.0,-365.0,1.0,36.9929301738739,,,,,,,,,585.7173779977335,1067.0460809337485,8306.267578125,34.30055236816406,0.00025000000000000006,5.421010862427522e-20,0.00025,0.00025,63656.96,121878.6,608366.44,3221.099,-14.297142666666666,2.816967778311677,-4.0,-16.8804,-1.965485019603035,5.660403982452695,10.0,-9.98778392298888
28,227.0,0.0,0.0,2500.0,2500.0,75.0,1250.0,0.0,-335.0,-335.0,0.0,54.265496253967285,,,,,,,,,4960.305727159654,4499.030954513333,24568.87890625,285.2929992675781,0.00025000000000000006,5.421010862427522e-20,0.00025,0.00025,460614.22,287044.7,1132224.4,103834.45,-13.109102666666665,2.5268261352652575,-4.0,-16.8804,-3.10548419101905,6.246724539852716,10.0,-9.600000381704385
29,231.0,0.0,0.0,2508.0,2508.0,4.0,1254.0,0.0,87.0,87.0,1.0,55.31936168670654,,,,,,,,,2612.1827799479165,92.16558990832533,2732.29541015625,2508.2919921875,0.00025,0.0,0.00025,0.00025,204075.56,17851.295,223361.88,180324.55,67.549875,45.99328385782945,99.0,-11.8804,-2.4720000071506125,0.7163909971101139,-2.3999999999999995,-9.600000571427191
30,306.0,0.0,0.0,2658.0,2658.0,75.0,1329.0,0.0,-395.0,-395.0,0.0,70.13338923454285,,,,,,,,,4730.530141469595,3771.6236455460244,17990.638671875,1076.94873046875,0.00025000000000000006,5.421010862427522e-20,0.00025,0.00025,395435.47,294738.28,1214876.5,59501.562,-15.485182666666667,2.5812567727819893,-4.0,-16.8804,-2.8143077295679557,6.059614125491554,10.000000196344665,-9.200000247501984
31,378.0,0.0,0.0,2802.0,2802.0,72.0,1401.0,0.0,-285.0,-285.0,1.0,80.27467203140259,,,,,,,,,844.0278438514387,694.1709414537437,4328.90478515625,73.94999694824219,0.00025,0.0,0.00025,0.00025,47541.195,37775.316,204204.02,7740.836,-11.524683333333334,22.090541470835934,99.0,-16.8804,-4.399311476761377,4.546044502288722,9.992233521795445,-9.200000090168034
32,453.0,0.0,0.0,2952.0,2952.0,75.0,1476.0,0.0,-410.0,-410.0,0.0,90.0306327342987,,,,,,,,,339.65749276650916,76.89276183196924,725.224365234375,145.36068725585938,0.00025000000000000006,5.421010862427522e-20,0.00025,0.00025,6691.5044,3892.2114,22866.188,1389.1271,-16.013862666666668,1.9037109875730147,-9.0,-16.8804,-1.0792069447567025,3.9669613359282416,9.834677933776048,-7.960620952100056
33,485.0,0.0,0.0,3016.0,3016.0,32.0,1508.0,0.0,-60.0,-60.0,1.0,94.7442057132721,,,,,,,,,349.33832180884576,32.17146766555488,408.28692626953125,282.593505859375,0.00025000000000000006,5.421010862427522e-20,0.00025,0.00025,2197.1416,792.27246,4612.433,1117.8645,-5.047021875,31.96412445849188,99.0,-16.8804,-2.3605486020001925,1.2800153752833354,1.3746671717821304,-6.273713970005572
34,561.0,0.0,0.0,3166.0,3166.0,75.0,1583.0,0.0,,,0.0,104.92539286613464,,,,,,,,,,,,,,,,,,,,,,,,,-2.0225010400274206,4.541502719035181,9.761127850857433,-8.733706368643315
35,635.0,0.0,0.0,3316.0,3316.0,75.0,1658.0,0.0,-345.0,-345.0,1.0,114.54280042648315,-300.0,-300.0,0.0,,,,,,501.4062745377824,381.8929230235183,2102.888916015625,125.86045837402344,0.00025000000000000006,5.421010862427522e-20,0.00025,0.00025,33006.246,21937.643,101781.81,7998.0503,-13.505115999999997,2.686135232437861,-4.0,-16.8804,-3.397945186005144,3.83827571347315,9.997985389069498,-9.199974229912057
36,662.0,0.0,0.0,3370.0,3370.0,27.0,1685.0,0.0,-20.0,-20.0,0.0,118.11949300765991,,,,,,,,,409.8348834698017,166.30083598650046,832.0197143554688,189.63790893554688,0.00025,0.0,0.00025,0.00025,20579.732,13030.963,49636.336,4200.825,-1.7630074074074076,33.96893520916412,99.0,-16.8804,0.9251387669586068,3.3666728545904436,9.802070050816681,-7.8696089059487
37,668.0,0.0,0.0,3382.0,3382.0,6.0,1691.0,0.0,79.0,79.0,1.0,118.98679566383362,,,,,,,,,234.16985168457032,41.30566216410996,291.716552734375,176.7582244873047,0.00025,0.0,0.00025,0.00025,9044.889,3173.1445,12050.371,2975.4907,41.07311666666667,53.03104974479312,99.0,-11.8804,3.805338874108041,3.2579293283627067,8.749948106198113,-4.408659299783921
38,743.0,0.0,0.0,3532.0,3532.0,75.0,1766.0,0.0,-400.0,-400.0,1.0,129.23782920837402,,,,,,,,,330.7716751098633,103.61677895302908,823.5235595703125,150.89971923828125,0.00025000000000000006,5.421010862427522e-20,0.00025,0.00025,8767.908,5906.8623,35623.62,1647.0986,-15.683189333333333,2.1466618482082573,-9.0,-16.8804,-1.5268208804176964,3.9470396386569067,9.823482870618111,-7.940673032297729
39,818.0,0.0,0.0,3682.0,3682.0,75.0,1841.0,0.0,-355.0,-355.0,0.0,141.01974391937256,,,,,,,,,381.9841318903743,71.85591294527345,619.0435791015625,217.9314727783203,0.00025000000000000006,5.421010862427522e-20,0.00025,0.00025,10335.668,5107.2197,26595.215,2701.4324,-13.835789333333333,2.7697910497640237,-4.0,-16.8804,-2.128231604965023,3.2272557092638636,9.908843411705313,-7.619424865231031
40,893.0,0.0,0.0,3832.0,3832.0,75.0,1916.0,0.0,-330.0,-330.0,0.0,154.1912271976471,,,,,,,,,2144.3204217859216,3153.795556448674,19052.99609375,219.7608642578125,0.00025000000000000006,5.421010862427522e-20,0.00025,0.00025,204869.36,249480.25,939425.1,17478.928,-12.911095999999999,2.4190895628694697,-4.0,-16.8804,-5.272885419123438,4.656137982995462,9.99999999999872,-9.200000399297352
41,918.0,0.0,0.0,3882.0,3882.0,25.0,1941.0,0.0,-12.0,-12.0,0.0,157.3210678100586,,,,,,,,,12147.11769358317,6824.564133863352,27366.076171875,563.1073608398438,0.00025,0.0,0.00025,0.00025,855317.5,507167.94,1860750.6,265667.16,-0.9536159999999996,35.17606571098798,99.0,-16.8804,4.757168936014011,7.32801932343172,10.000000001802949,-8.800000435748956
42,993.0,0.0,0.0,4032.0,4032.0,75.0,2016.0,0.0,-300.0,-300.0,1.0,166.57622742652893,,,,,,,,,3207.802193306588,2554.072363594324,11711.255859375,405.81158447265625,0.00025000000000000006,5.421010862427522e-20,0.00025,0.00025,221668.22,224914.84,1156273.5,18543.873,-11.723055999999998,1.0040813728299116,-4.0,-11.8804,-4.063430112929405,2.3685186009861723,10.0,-7.200000114468086
43,1068.0,0.0,0.0,4182.0,4182.0,75.0,2091.0,0.0,-305.0,-305.0,1.0,175.91570782661438,,,,,,,,,843.3043864997658,556.5238791160638,3073.766845703125,24.640705108642578,0.00025000000000000006,5.421010862427522e-20,0.00025,0.00025,55304.77,30670.816,141537.77,11429.088,-11.921062666666666,1.4182789177284167,-4.0,-16.8804,-4.221757072909584,2.5324912265877577,9.112138850720024,-8.399989844093497
44,1134.0,0.0,0.0,4312.0,4312.0,75.0,2156.0,0.0,,,0.0,184.7349145412445,,,,,,,,,,,,,,,,,,,,,,,,,-3.439322004333502,1.7722035742310456,5.038694504593933,-6.791941243776824
45,1208.0,0.0,0.0,4462.0,4462.0,75.0,2231.0,0.0,-370.0,-370.0,1.0,193.962899684906,-365.0,-365.0,0.0,,,,,,317.35248957453547,62.715398527320204,633.1339721679688,180.5749969482422,0.00025000000000000006,5.421010862427522e-20,0.00025,0.00025,12073.476,8029.608,34051.496,2597.119,-14.495149333333336,2.7196599986210694,-4.0,-16.8804,-1.6535979091775648,3.741387514639783,9.905438478670591,-8.571496798532943
46,1212.0,0.0,0.0,4470.0,4470.0,4.0,2235.0,0.0,87.0,87.0,0.0,194.4834554195404,,,,,,,,,417.4891866048177,80.4336277591213,526.8631591796875,335.74017333984375,0.00025,0.0,0.00025,0.00025,30247.385,9409.663,43463.094,22289.936,67.549875,45.99328385782945,99.0,-11.8804,0.8559946781777534,4.145401727311302,9.614730283877474,-6.404018426198902
47,1226.0,0.0,0.0,4498.0,4498.0,14.0,2249.0,0.0,33.0,33.0,0.0,196.3050935268402,,,,,,,,,443.3812197171725,241.85655140890782,1069.471923828125,173.02037048339844,0.0002500000000000001,1.0842021724855044e-19,0.00025,0.00025,28794.104,10707.069,48394.152,8210.668,8.193899999999998,43.676783703914964,96.01,-16.8804,1.0187395732429774,5.631549500539695,9.907951798561513,-7.846168126224236
48,1230.0,0.0,0.0,4506.0,4506.0,4.0,2253.0,0.0,87.0,87.0,1.0,196.81079840660095,,,,,,,,,254.44552357991537,136.42428275722028,441.381103515625,119.6413803100586,0.00025,0.0,0.00025,0.00025,24206.318,10905.865,38880.67,12757.653,67.549875,45.99328385782945,99.0,-11.8804,1.0079879299089871,4.688395089340594,9.974676304118265,-7.722991564672965
49,1303.0,0.0,0.0,4652.0,4652.0,73.0,2326.0,0.0,-229.0,-229.0,0.0,205.86397647857666,,,,,,,,,591.6486913892958,454.60906489725426,3053.788818359375,104.55729675292969,0.00025,0.0,0.00025,0.00025,62204.758,37795.754,174353.52,9314.158,-9.08837808219178,21.483751133434666,99.0,-16.8804,-1.7384880400667846,6.766107738105494,9.999990957249521,-9.200000241411717
50,1378.0,0.0,0.0,4802.0,4802.0,75.0,2401.0,0.0,-370.0,-370.0,0.0,215.1822681427002,,,,,,,,,1194.6493814829234,848.2311359537333,5107.3623046875,267.6323547363281,0.00025000000000000006,5.421010862427522e-20,0.00025,0.00025,105250.55,90413.9,414085.44,17323.445,-14.495149333333336,2.7196599986210694,-4.0,-16.8804,-6.056344106010357,4.307504866792937,9.99999994186932,-9.200000456824242
51,1453.0,0.0,0.0,4952.0,4952.0,75.0,2476.0,0.0,-410.0,-410.0,0.0,224.4505980014801,,,,,,,,,308.9465845468882,70.77815306893298,677.5770874023438,155.06752014160156,0.00025000000000000006,5.421010862427522e-20,0.00025,0.00025,6201.216,4149.173,24049.635,1489.0405,-16.013862666666668,1.9037109875730147,-9.0,-16.8804,-4.53444493780562,2.2598339124691598,5.81784969866457,-8.126800461691161
52,1469.0,0.0,0.0,4984.0,4984.0,16.0,2492.0,0.0,19.0,19.0,0.0,226.44819355010986,,,,,,,,,232.20770161946615,61.07717222725631,349.6592102050781,140.79061889648438,0.0002500000000000001,1.0842021724855044e-19,0.00025,0.00025,13431.71,8516.847,32976.32,4138.5024,4.570824999999999,43.03920656153962,99.0,-16.8804,-2.863650751123697,4.817479561356439,9.673072471819815,-8.00072072932947
53,1478.0,0.0,0.0,5002.0,5002.0,9.0,2501.0,0.0,57.0,57.0,1.0,227.63597011566162,,,,,,,,,402.91982650756836,400.5627501134534,1369.065673828125,91.74374389648438,0.00025,0.0,0.00025,0.00025,37888.785,22445.074,75903.9,6391.4604,20.66633333333333,51.948280081271434,99.0,-16.8804,-6.419322741515901,2.9621125849973713,6.515769271663292,-9.1672928529589
54,1540.0,0.0,0.0,5124.0,5124.0,19.0,2562.0,0.0,,,0.0,235.9540102481842,,,,,,,,,,,,,,,,,,,,,,,,,-2.0963034225838126,1.4850537371507377,-0.80000001195033,-9.199999691159446
55,1614.0,0.0,0.0,5274.0,5274.0,75.0,2637.0,0.0,-385.0,-385.0,1.0,245.82348465919495,6.0,6.0,0.0,,,,,,657.1892727001293,664.1519341019919,4368.27197265625,201.70663452148438,0.00025000000000000006,5.421010862427522e-20,0.00025,0.00025,44236.24,48440.035,213774.7,1761.9344,-15.023829333333333,2.7377972807726696,-4.0,-16.8804,-4.942739535134057,3.4512055265994475,5.05613223273844,-9.200000486134147
56,1617.0,0.0,0.0,5280.0,5280.0,3.0,2640.0,0.0,91.0,91.0,0.0,246.26494312286377,,,,,,,,,303.1357727050781,14.667999267578125,317.80377197265625,288.4677734375,0.00025,0.0,0.00025,0.00025,3390.1772,328.83435,3719.0115,3061.3428,94.02663333333334,4.053963410732211,99.0,89.0699,-1.6292727670995355,1.544587247046162,1.7792767967135794,-4.4360103693969375
57,1673.0,0.0,0.0,5392.0,5392.0,56.0,2696.0,0.0,-186.0,-186.0,1.0,253.5063042640686,,,,,,,,,295.29381020285865,88.6420861132256,563.647216796875,137.58042907714844,0.00025000000000000006,5.421010862427522e-20,0.00025,0.00025,18569.596,17928.43,94529.18,2011.315,-9.5667375,24.759610102598568,99.0,-16.8804,1.3523641258572734,4.743814322028533,9.999966355433417,-9.071186713425735
58,1748.0,0.0,0.0,5542.0,5542.0,75.0,2771.0,0.0,-370.0,-370.0,0.0,262.846378326416,,,,,,,,,2133.8852588550462,1913.2360394279124,11665.111328125,258.8077392578125,0.00025000000000000006,5.421010862427522e-20,0.00025,0.00025,194532.7,152375.28,814769.4,32984.85,-14.495149333333336,2.814119846079686,-4.0,-16.8804,-4.085202767060248,4.970905704917904,10.0,-9.200000444390797
59,1757.0,0.0,0.0,5560.0,5560.0,9.0,2780.0,0.0,57.0,57.0,0.0,263.9880349636078,,,,,,,,,835.1992645263672,439.33269995444095,1624.7030029296875,310.9918212890625,0.00025,0.0,0.00025,0.00025,85282.95,35255.71,145558.36,32939.246,20.66633333333333,51.948280081271434,99.0,-16.8804,-3.9273674354773824,2.4906240015015966,-0.8000020021257997,-7.999993330994832
60,1771.0,0.0,0.0,5588.0,5588.0,14.0,2794.0,0.0,33.0,33.0,0.0,265.7035827636719,,,,,,,,,917.0537531926082,463.38138827530014,2008.270751953125,481.013427734375,0.0002500000000000001,1.0842021724855044e-19,0.00025,0.00025,56028.805,44913.266,153358.31,19445.678,8.193900000000001,43.676783703914964,96.01,-16.8804,-4.031275856265824,1.1752215711301954,-0.8474615184474117,-8.63086556658261
61,1773.0,0.0,0.0,5592.0,5592.0,2.0,2796.0,0.0,95.0,95.0,0.0,265.98574900627136,,,,,,,,,482.00396728515625,0.0,482.00396728515625,482.00396728515625,0.00025,0.0,0.00025,0.00025,20447.51,0.0,20447.51,20447.51,96.505,2.4949999999999974,99.0,94.01,-4.000665424836334,0.004978269700263772,-3.9575671699296855,-4.036393722655087
62,1784.0,0.0,0.0,5614.0,5614.0,11.0,2807.0,0.0,49.0,49.0,0.0,267.43311166763306,,,,,,,,,387.0401916503906,130.0687154084242,632.7938842773438,195.53115844726562,0.00025000000000000006,5.421010862427522e-20,0.00025,0.00025,17943.27,4804.8325,26992.994,10839.149,14.748745454545455,48.63687118247494,99.0,-16.8804,-4.379312394403965,0.5698347943756312,-3.8550267899990924,-8.029665899693015
63,1789.0,0.0,0.0,5624.0,5624.0,5.0,2812.0,0.0,76.0,76.0,0.0,268.0870943069458,,,,,,,,,363.92694091796875,106.90402918822652,540.6951904296875,254.06222534179688,0.00025,0.0,0.00025,0.00025,22988.914,8920.362,35819.273,13825.075,48.48578,53.44244884240991,97.0,-16.8804,-5.5449969114193225,1.603082637929872,-3.4437478469912377,-8.727206067726666
64,1792.0,0.0,0.0,5628.0,5628.0,75.0,2814.0,0.0,,,0.0,269.2994396686554,,,,,,,,,,,,,,,,,,,,,,,,,-6.6833268726872985,1.4413967191578079,-1.9850718528801363,-9.173252954652591
65,1803.0,0.0,0.0,5652.0,5652.0,12.0,2826.0,0.0,45.0,45.0,1.0,271.0189538002014,-385.0,-385.0,0.0,,,,,,348.7883605957031,138.85569472547485,747.4129638671875,234.9925537109375,0.00025000000000000006,5.421010862427522e-20,0.00025,0.00025,16659.459,5448.6455,24498.227,10448.888,12.121274999999999,47.37463540162474,99.0,-16.8804,-6.645479647101926,1.6553249495598903,-1.8541263527484717,-9.0032381139249
66,1806.0,0.0,0.0,5658.0,5658.0,3.0,2829.0,0.0,91.0,91.0,0.0,271.42650175094604,,,,,,,,,346.6522521972656,34.349090576171875,381.0013427734375,312.30316162109375,0.00025,0.0,0.00025,0.00025,11915.914,767.1079,12683.022,11148.807,94.02663333333334,4.053963410732211,99.0,89.0699,-4.972619417800277,1.5856272866887642,-1.8497330236214315,-8.397608993543594
67,1832.0,0.0,0.0,5710.0,5710.0,26.0,2855.0,0.0,-32.0,-32.0,1.0,274.8338625431061,,,,,,,,,307.7926184082031,44.26560797843185,448.2633056640625,247.600341796875,0.00025,0.0,0.00025,0.00025,7045.5537,3094.0378,18743.584,2469.3127,-3.2016307692307704,34.83731122853296,98.0,-16.8804,-4.2646565797293094,2.2966208780592363,3.8647153881144494,-8.511313566162434
68,1907.0,0.0,0.0,5860.0,5860.0,75.0,2930.0,0.0,-395.0,-395.0,0.0,285.25396037101746,,,,,,,,,374.9229112573572,239.75823090276455,1473.5941162109375,126.3771743774414,0.00025000000000000006,5.421010862427522e-20,0.00025,0.00025,28648.81,23153.303,87324.63,3874.7515,-15.41984266666667,2.6095002472337283,-4.0,-16.8804,-2.0398990911372654,4.898139947111396,9.980667419484373,-9.14405224662146
69,1982.0,0.0,0.0,6010.0,6010.0,75.0,3005.0,0.0,-385.0,-385.0,1.0,295.14434480667114,,,,,,,,,800.5658864201727,446.6453002711702,2983.984375,197.3530731201172,0.00025000000000000006,5.421010862427522e-20,0.00025,0.00025,72096.445,46670.9,228242.27,16643.86,-15.023829333333337,2.4346090344460287,-9.0,-16.8804,-2.053827739435692,6.205664162120663,9.999999999999995,-9.199919366190203
70,2057.0,0.0,0.0,6160.0,6160.0,75.0,3080.0,0.0,-335.0,-335.0,0.0,304.6965754032135,,,,,,,,,403.97727863208667,149.27801030462092,1121.998046875,146.72601318359375,0.00025000000000000006,5.421010862427522e-20,0.00025,0.00025,20486.424,18302.555,68667.16,1624.2438,-13.043762666666664,2.4941830720176807,-4.0,-16.8804,-2.404643898995686,5.668489871765495,9.99883708090804,-8.93138730217035
71,2132.0,0.0,0.0,6310.0,6310.0,75.0,3155.0,0.0,-330.0,-330.0,0.0,314.47489619255066,,,,,,,,,329.23179873904667,55.18189854653984,555.656982421875,190.236083984375,0.00025000000000000006,5.421010862427522e-20,0.00025,0.00025,7656.6577,9802.979,40833.668,1278.7736,-12.911095999999997,2.0697298164697733,-9.0,-16.8804,-4.855866410620152,1.3794639533748947,6.786719607006992,-8.035435133938588
72,2135.0,0.0,0.0,6316.0,6316.0,3.0,3158.0,0.0,91.0,91.0,0.0,314.96061635017395,,,,,,,,,234.39682006835938,54.169952392578125,288.5667724609375,180.22686767578125,0.00025,0.0,0.00025,0.00025,23612.441,2247.1396,25859.582,21365.303,94.02663333333334,4.053963410732211,99.0,89.0699,-0.5890582774109193,5.629166969048339,9.768462457023002,-8.054256952773992
73,2137.0,0.0,0.0,6320.0,6320.0,2.0,3160.0,0.0,95.0,95.0,0.0,315.31768822669983,,,,,,,,,333.370361328125,0.0,333.370361328125,333.370361328125,0.00025,0.0,0.00025,0.00025,27184.209,0.0,27184.209,27184.209,96.505,2.4949999999999974,99.0,94.01,2.75774771360605,4.873946743305973,9.392116735156257,-6.4071789173151465
74,2187.0,0.0,0.0,6418.0,6418.0,3.0,3209.0,0.0,,,0.0,321.7248306274414,,,,,,,,,,,,,,,,,,,,,,,,,-2.5457175800160323,0.8890661307660708,-1.2000000476837158,-3.5999999046325684
75,2188.0,0.0,0.0,6422.0,6422.0,2.0,3211.0,0.0,95.0,95.0,0.0,321.9145793914795,91.0,91.0,0.0,,,,,,18416.40234375,0.0,18416.40234375,18416.40234375,0.00025,0.0,0.00025,0.00025,2050210.6,0.0,2050210.6,2050210.6,96.505,2.4949999999999974,99.0,94.01,-2.394996447389746,1.0819374000038888,-0.7999999999999989,-3.5999999999999996
76,2263.0,0.0,0.0,6572.0,6572.0,75.0,3286.0,0.0,-340.0,-340.0,0.0,331.5741786956787,,,,,,,,,20673.642498944257,10797.580022467502,55548.17578125,7221.5751953125,0.00025000000000000006,5.421010862427522e-20,0.00025,0.00025,1811029.5,1101004.0,5107710.5,412218.72,-13.307109333333333,2.6152042066435697,-4.0,-16.8804,-4.1799174380462505,5.672042606952195,10.0,-9.200000467972966
77,2282.0,0.0,0.0,6610.0,6610.0,19.0,3305.0,0.0,27.0,27.0,1.0,334.2368357181549,,,,,,,,,7861.076470269098,2891.2751761893323,13444.5068359375,4312.29833984375,0.00025,0.0,0.00025,0.00025,509627.28,174275.62,1008098.56,235111.33,4.8417631578947375,38.651764386434316,99.0,-11.8804,7.4547646277349315,6.2422772652942315,10.0,-8.000000052702845
78,2322.0,0.0,0.0,6690.0,6690.0,40.0,3345.0,0.0,-87.0,-87.0,0.0,339.19376039505005,,,,,,,,,4224.237661508413,1959.056525522866,9559.15234375,1641.4586181640625,0.00025000000000000006,5.421010862427522e-20,0.00025,0.00025,593148.8,328409.22,1261271.8,139781.03,-6.1649475,28.6498915777703,99.0,-16.8804,-1.9042064593711374,8.11486273453967,10.0,-9.20000045040241
79,2397.0,0.0,0.0,6840.0,6840.0,75.0,3420.0,0.0,-370.0,-370.0,1.0,348.3768587112427,,,,,,,,,2064.347482217325,1611.2433597438912,9734.4375,666.7509765625,0.00025000000000000006,5.421010862427522e-20,0.00025,0.00025,273219.66,198463.89,859760.7,49300.145,-14.495149333333332,2.814119846079686,-4.0,-16.8804,-4.010353267558454,6.932181372661546,10.0,-9.200000000000085
80,2409.0,0.0,0.0,6864.0,6864.0,12.0,3432.0,0.0,55.0,55.0,0.0,349.9021966457367,,,,,,,,,3515.8776910955257,1760.0537995631303,7512.548828125,399.73468017578125,0.00025000000000000006,5.421010862427522e-20,0.00025,0.00025,242260.73,84746.99,396045.7,86136.32,14.596358333333335,45.90386530956949,99.0,-11.8804,2.8381599124486963,7.9377108044874705,9.999999999999964,-9.105717908080651
81,2430.0,0.0,0.0,6906.0,6906.0,21.0,3453.0,0.0,-1.0,-1.0,0.0,352.51177644729614,,,,,,,,,1793.170477294922,954.5130153257165,3515.61083984375,555.032470703125,0.00025000000000000006,5.421010862427522e-20,0.00025,0.00025,151238.72,83713.305,323644.62,50307.805,0.4205095238095235,38.30623019701333,99.0,-16.8804,-5.762877727420091,2.665554253864505,9.980207494417252,-9.197657148823438
82,2449.0,0.0,0.0,6944.0,6944.0,19.0,3472.0,0.0,0.0,0.0,0.0,354.8935217857361,,,,,,,,,921.5641157362196,396.4131366102232,2188.21533203125,453.83233642578125,0.00025,0.0,0.00025,0.00025,97910.484,56211.81,295421.62,32370.021,0.8790157894736844,39.53790559426902,97.0,-16.8804,-5.126501583432074,2.8930465825348834,6.888361504863108,-9.199633776929286
83,2451.0,0.0,0.0,6948.0,6948.0,2.0,3474.0,0.0,95.0,95.0,0.0,355.1764438152313,,,,,,,,,1245.83837890625,0.0,1245.83837890625,1245.83837890625,0.00025,0.0,0.00025,0.00025,63035.035,0.0,63035.035,63035.035,96.505,2.4949999999999974,99.0,94.01,-6.129251932783615,2.947505733840197,-1.1999790874761243,-7.999999595627758
84,2473.0,0.0,0.0,6990.0,6990.0,4.0,3495.0,0.0,,,0.0,357.9857122898102,,,,,,,,,,,,,,,,,,,,,,,,,-3.74905418965216,4.309022469292301,8.850127611026313,-7.87166433831411
85,2517.0,0.0,0.0,7080.0,7080.0,45.0,3540.0,0.0,-118.0,-118.0,1.0,363.4995496273041,87.0,87.0,0.0,,,,,,515.0320972095836,260.57271381428893,1407.4781494140625,184.95220947265625,0.00025,0.0,0.00025,0.00025,74197.21,37870.47,162212.28,19003.92,-7.526022222222223,27.000719764866258,98.0,-16.8804,-2.621863455828682,6.193417561848784,9.997289433012591,-9.198192456764207
86,2592.0,0.0,0.0,7230.0,7230.0,75.0,3615.0,0.0,-375.0,-375.0,1.0,372.69479990005493,,,,,,,,,739.9009306624129,488.51282438700383,2531.1572265625,135.94517517089844,0.00025000000000000006,5.421010862427522e-20,0.00025,0.00025,110387.17,63636.223,279288.3,16180.74,-14.627816000000003,2.8049818610008876,-4.0,-16.8804,-2.656613010844694,6.917882224943682,9.99997381985986,-9.200000426570902
87,2667.0,0.0,0.0,7380.0,7380.0,75.0,3690.0,0.0,-360.0,-360.0,1.0,381.837397813797,,,,,,,,,3161.75883112727,2527.5333576830867,13894.0751953125,300.06304931640625,0.00025000000000000006,5.421010862427522e-20,0.00025,0.00025,338049.3,285835.38,1150826.5,84475.086,-14.099135999999998,2.805874398454785,-4.0,-16.8804,-4.127747529437232,7.284203182238499,10.0,-9.20000034520014
88,2702.0,0.0,0.0,7450.0,7450.0,35.0,3725.0,0.0,-52.0,-52.0,0.0,386.17719411849976,,,,,,,,,1087.8502098532283,674.3499611202267,4031.254638671875,460.6008605957031,0.00025,0.0,0.00025,0.00025,149070.19,65925.53,298169.75,33487.84,-4.075554285714285,30.136218648627942,99.0,-16.8804,-2.6689988046976336,6.933416463050356,9.999999999636719,-9.01863723181809
89,2777.0,0.0,0.0,7600.0,7600.0,75.0,3800.0,0.0,-355.0,-355.0,0.0,395.3659601211548,,,,,,,,,555.6952124930717,389.91698612788923,2008.6416015625,180.97695922851562,0.00025000000000000006,5.421010862427522e-20,0.00025,0.00025,87079.59,52531.66,298635.9,16672.791,-13.901129333333332,2.7806728566433145,-4.0,-16.8804,-1.822488995701051,6.759281382356815,9.999975668939959,-9.102143511780445
90,2779.0,0.0,0.0,7604.0,7604.0,2.0,3802.0,0.0,95.0,95.0,0.0,395.64129114151,,,,,,,,,158.9838104248047,0.0,158.9838104248047,158.9838104248047,0.00025,0.0,0.00025,0.00025,56986.09,0.0,56986.09,56986.09,96.505,2.4949999999999974,99.0,94.01,-6.30742700704501,2.1326989364054305,4.804605848702114,-7.979628782516105
