Episode #,Training Iter,Epoch,In Heatup,ER #Transitions,ER #Episodes,Episode Length,Total steps,Epsilon,Shaped Training Reward,Training Reward,Update Target Network,Wall-Clock Time,Evaluation Reward,Shaped Evaluation Reward,Success Rate,Inverse Propensity Score,Direct Method Reward,Doubly Robust,Weighted Importance Sampling,Sequential Doubly Robust,Loss/Mean,Loss/Stdev,Loss/Max,Loss/Min,Learning Rate/Mean,Learning Rate/Stdev,Learning Rate/Max,Learning Rate/Min,Grads (unclipped)/Mean,Grads (unclipped)/Stdev,Grads (unclipped)/Max,Grads (unclipped)/Min,Discounted Return/Mean,Discounted Return/Stdev,Discounted Return/Max,Discounted Return/Min,Q/Mean,Q/Stdev,Q/Max,Q/Min
1,0.0,0.0,1.0,48.0,48.0,24.0,24.0,0.0,,,0.0,0.043094635009765625,,,,,,,,,,,,,,,,,,,,,15.554082757966436,65.88880182869555,99.0,-70.48847988301952,,,,
2,0.0,0.0,1.0,72.0,72.0,12.0,36.0,0.0,,,0.0,0.2717311382293701,,,,,,,,,,,,,,,,,,,,,71.62040844709573,17.631304997231,99.0,41.82378887509949,,,,
3,0.0,0.0,1.0,82.0,82.0,5.0,41.0,0.0,,,0.0,0.3614683151245117,,,,,,,,,,,,,,,,,,,,,89.119301998,6.951828381099465,99.0,79.33740899,,,,
4,0.0,0.0,1.0,124.0,124.0,21.0,62.0,0.0,,,0.0,0.5880112648010254,,,,,,,,,,,,,,,,,,,,,28.04278603584548,60.95269639265591,99.0,-65.77963819348459,,,,
5,0.0,0.0,1.0,274.0,274.0,75.0,137.0,0.0,,,0.0,1.2464268207550049,,,,,,,,,,,,,,,,,,,,,-60.24407734213651,15.79295109055345,-4.0,-74.78560567946907,,,,
6,0.0,0.0,1.0,306.0,306.0,16.0,153.0,0.0,,,0.0,1.4528965950012207,,,,,,,,,,,,,,,,,,,,,56.412904387888624,36.952370460842644,99.0,-60.77963819348458,,,,
7,0.0,0.0,1.0,372.0,372.0,33.0,186.0,0.0,,,0.0,1.751127004623413,,,,,,,,,,,,,,,,,,,,,-10.731974140036426,67.94385253588047,99.0,-74.91856788691777,,,,
8,0.0,0.0,1.0,518.0,518.0,73.0,259.0,0.0,,,0.0,2.3513503074645996,,,,,,,,,,,,,,,,,,,,,-41.712912113124155,54.20730322415696,99.0,-74.87188929160018,,,,
9,0.0,0.0,1.0,668.0,668.0,75.0,334.0,0.0,,,0.0,2.9567277431488037,,,,,,,,,,,,,,,,,,,,,-57.99929956557027,13.368993566411886,-4.0,-70.29919463040278,,,,
10,0.0,0.0,1.0,818.0,818.0,75.0,409.0,0.0,,,0.0,3.5324623584747314,,,,,,,,,,,,,,,,,,,,,-60.76166162275657,13.9970455786046,-9.0,-74.82948173061902,,,,
11,0.0,0.0,1.0,834.0,834.0,8.0,417.0,0.0,,,0.0,3.6483428478240967,,,,,,,,,,,,,,,,,,,,,81.87996850584838,11.09618049949594,99.0,65.10060860558801,,,,
12,0.0,0.0,1.0,984.0,984.0,75.0,492.0,0.0,,,0.0,4.232566595077515,,,,,,,,,,,,,,,,,,,,,-64.16798022236215,15.564494142944307,-4.0,-74.96517115431311,,,,
13,0.0,0.0,1.0,1074.0,1074.0,45.0,537.0,0.0,,,0.0,4.6354920864105225,,,,,,,,,,,,,,,,,,,,,-24.00073511884709,62.88703003780889,99.0,-74.78096678061902,,,,
14,0.0,0.0,1.0,1224.0,1224.0,75.0,612.0,0.0,,,0.0,5.220780849456787,,,,,,,,,,,,,,,,,,,,,-62.322200541443564,15.780456675518918,-4.0,-74.96517115431311,,,,
15,0.0,0.0,1.0,1264.0,1264.0,20.0,632.0,0.0,,,0.0,5.41511869430542,,,,,,,,,,,,,,,,,,,,,30.856866162042213,58.993556846615995,99.0,-65.58698488301954,,,,
16,0.0,0.0,1.0,1270.0,1270.0,3.0,635.0,0.0,,,0.0,5.487019300460815,,,,,,,,,,,,,,,,,,,,,94.02663333333334,4.053963410732211,99.0,89.0699,,,,
17,0.0,0.0,1.0,1304.0,1304.0,17.0,652.0,0.0,,,0.0,5.677979946136475,,,,,,,,,,,,,,,,,,,,,48.164936131887735,44.83901114699366,99.0,-60.54424438090279,,,,
18,0.0,0.0,1.0,1454.0,1454.0,75.0,727.0,0.0,,,0.0,6.267198324203491,,,,,,,,,,,,,,,,,,,,,-60.887839046617046,15.641665713253035,-4.0,-74.87608499801436,,,,
19,0.0,0.0,1.0,1462.0,1462.0,4.0,731.0,0.0,,,0.0,6.3452370166778564,,,,,,,,,,,,,,,,,,,,,91.56477525,5.523422867125757,99.0,84.17920099999999,,,,
20,0.0,0.0,1.0,1612.0,1612.0,75.0,806.0,0.0,,,0.0,6.942846059799194,,,,,,,,,,,,,,,,,,,,,-60.74437979329544,16.91569904953983,-4.0,-74.82948173061902,,,,
21,0.0,0.0,1.0,1762.0,1762.0,75.0,881.0,0.0,,,0.0,7.534607648849487,,,,,,,,,,,,,,,,,,,,,-61.42334170484225,15.294511928309484,-4.0,-74.78334449589762,,,,
22,0.0,0.0,1.0,1772.0,1772.0,5.0,886.0,0.0,,,0.0,7.618988990783691,,,,,,,,,,,,,,,,,,,,,89.119301998,6.951828381099465,99.0,79.33740899,,,,
23,0.0,0.0,1.0,1922.0,1922.0,75.0,961.0,0.0,,,0.0,8.211660385131836,,,,,,,,,,,,,,,,,,,,,-58.26451625327508,13.395718698323924,-4.0,-70.3500635185286,,,,
24,0.0,0.0,1.0,2072.0,2072.0,75.0,1036.0,0.0,,,1.0,8.840377569198608,,,,,,,,,,,,,,,,,,,,,-61.74266409568685,15.16230187443543,-4.0,-70.3472244309028,,,,
25,74.0,0.0,0.0,2222.0,2222.0,75.0,1111.0,0.0,-320.0,-320.0,0.0,27.389645099639893,,,,,,,,,205.88584265837798,124.62679118690502,413.6123046875,55.94511795043945,0.00025000000000000006,5.421010862427522e-20,0.00025,0.00025,480.65652,579.5243,3398.1804,9.03594,-54.623914974953635,12.887202866452418,-4.0,-74.77725622370482,5.364256987178219,3.204967194709102,9.878110960900084,-0.021366198360919436
26,149.0,0.0,0.0,2372.0,2372.0,75.0,1186.0,0.0,-365.0,-365.0,1.0,46.26848220825195,,,,,,,,,152.42928901878562,35.94694613917482,226.87802124023438,71.04718017578125,0.00025000000000000006,5.421010862427522e-20,0.00025,0.00025,558.6731,382.5184,1844.5625,97.88802,-61.82078334900844,17.85167434687383,-4.0,-79.35411932190844,4.818371356560926,2.2549820450036226,9.18123941104236,-1.8542215174762537
27,224.0,0.0,0.0,2522.0,2522.0,75.0,1261.0,0.0,-360.0,-360.0,0.0,60.93462610244751,,,,,,,,,132.3949850958747,39.60101158206386,207.154296875,62.474388122558594,0.00025000000000000006,5.421010862427522e-20,0.00025,0.00025,463.33563,364.1395,2003.8071,44.505627,-62.08746939408492,17.450659511866515,-4.0,-79.35411932190844,4.7087658895753055,2.602079389711698,9.489180409933637,-1.5398353164317093
28,227.0,0.0,0.0,2528.0,2528.0,3.0,1264.0,0.0,91.0,91.0,1.0,61.340250968933105,,,,,,,,,112.46653747558594,4.889869689941406,117.35640716552734,107.57666778564453,0.00025,0.0,0.00025,0.00025,442.11508,55.50699,497.62207,386.6081,94.02663333333334,4.053963410732211,99.0,89.0699,5.178405685267852,0.9641995976252744,7.493015071620651,2.527535779034952
29,302.0,0.0,0.0,2678.0,2678.0,75.0,1339.0,0.0,-310.0,-310.0,0.0,72.19188570976257,,,,,,,,,117.01765514064479,34.232615667616784,198.42462158203125,60.75703430175781,0.00025000000000000006,5.421010862427522e-20,0.00025,0.00025,308.0833,180.82494,1063.3921,48.662453,-52.02308873444609,13.054579232809717,-4.0,-60.97665814348458,5.728399727894356,2.2338544985479447,9.392298480510727,-1.5782612140261527
30,377.0,0.0,0.0,2828.0,2828.0,75.0,1414.0,0.0,-340.0,-340.0,0.0,81.87578344345093,,,,,,,,,110.92840761751742,20.333916872516255,172.06326293945312,62.3741455078125,0.00025000000000000006,5.421010862427522e-20,0.00025,0.00025,354.741,281.58353,1684.0205,47.99203,-58.35569218451927,16.636248348917483,-4.0,-79.35411932190844,5.680097291118517,1.644022602172367,9.224288027435568,-0.4288809367921198
31,442.0,0.0,0.0,2958.0,2958.0,65.0,1479.0,0.0,-191.0,-191.0,1.0,97.73149561882019,,,,,,,,,123.5700204372406,35.620553201510646,211.06192016601562,69.74740600585938,0.00025,0.0,0.00025,0.00025,441.2953,354.48312,2056.9897,65.05729,-34.98317612592972,52.118972437985654,96.01,-79.35411932190844,4.545633958109838,2.691294233247703,9.258804049714538,-3.7222988260473366
32,501.0,0.0,0.0,3076.0,3076.0,59.0,1538.0,0.0,-203.0,-203.0,0.0,106.06979990005493,,,,,,,,,118.83038632623081,26.748937776900636,180.41287231445312,65.60084533691406,0.00025,0.0,0.00025,0.00025,358.49323,187.16827,904.5925,81.14319,-39.221983002665944,61.64345252296835,99.0,-79.35411932190844,5.305270999358982,2.2631030493464435,9.515232042461161,-3.687643913907232
33,576.0,0.0,0.0,3226.0,3226.0,75.0,1613.0,0.0,-385.0,-385.0,1.0,115.43091750144958,,,,,,,,,103.79211178341427,27.186409820017865,175.42657470703125,57.985008239746094,0.00025000000000000006,5.421010862427522e-20,0.00025,0.00025,492.90704,302.14374,1632.3998,70.35222,-66.75219090604197,17.286883315706955,-4.0,-79.35411932190844,5.755677208681136,3.27087566805025,9.768594859139005,-5.935600502820353
34,626.0,0.0,0.0,3324.0,3324.0,75.0,1662.0,0.0,,,0.0,122.20763945579529,,,,,,,,,,,,,,,,,,,,,,,,,5.311533862436412,1.2410066278072456,8.208271857118465,1.8693380382857283
35,630.0,0.0,0.0,3334.0,3334.0,5.0,1667.0,0.0,76.0,76.0,0.0,122.76305675506592,-400.0,-400.0,0.0,,,,,,104.3791389465332,15.76946565719761,121.57933044433594,84.43156433105469,0.00025,0.0,0.00025,0.00025,414.66412,150.47633,573.9733,224.7339,85.16890399399999,9.1111370501028,97.0,72.46621696999999,6.116100090631098,2.084665168278587,8.326336112720401,-3.7999387262447266
36,705.0,0.0,0.0,3484.0,3484.0,75.0,1742.0,0.0,-360.0,-360.0,0.0,141.18685936927795,,,,,,,,,99.2191375526222,19.87836723512687,139.89813232421875,61.64295196533203,0.00025000000000000006,5.421010862427522e-20,0.00025,0.00025,478.19443,301.85837,1453.9288,74.91357,-60.87288275189323,17.551351403972667,-4.0,-74.92040424160018,5.273515132273672,4.181463065474823,9.65949234715434,-7.190310544315435
37,780.0,0.0,0.0,3634.0,3634.0,75.0,1817.0,0.0,-355.0,-355.0,0.0,152.42391705513,,,,,,,,,103.78234523051493,18.40267756847606,160.4787139892578,58.60150909423828,0.00025000000000000006,5.421010862427522e-20,0.00025,0.00025,1074.2689,1254.4678,7633.5654,49.783436,-61.154525091693515,16.403356822980488,-4.0,-79.35411932190844,4.92666400756976,4.4973637848279955,9.985517205105085,-8.801271258624714
38,782.0,0.0,0.0,3638.0,3638.0,2.0,1819.0,0.0,95.0,95.0,0.0,152.71825885772705,,,,,,,,,102.56260681152344,0.0,102.56260681152344,102.56260681152344,0.00025,0.0,0.00025,0.00025,1075.0642,0.0,1075.0642,1075.0642,96.505,2.4949999999999974,99.0,94.01,3.2006850141905567,5.153693822802089,8.941637205230657,-6.658424668674661
39,791.0,0.0,0.0,3656.0,3656.0,9.0,1828.0,0.0,57.0,57.0,1.0,153.88454222679138,,,,,,,,,78.79769039154053,10.959095363025284,96.13935852050781,66.331298828125,0.00025,0.0,0.00025,0.00025,822.5829,325.45486,1628.8558,553.33026,75.67048616847991,16.083178250199186,99.0,50.696622469532116,5.313519541822706,5.419341602552445,9.874231765950071,-8.0788993067759
40,864.0,0.0,0.0,3802.0,3802.0,73.0,1901.0,0.0,-219.0,-219.0,0.0,163.03400135040283,,,,,,,,,113.2395838631524,18.704898680630833,179.4864044189453,74.36822509765625,0.00025,0.0,0.00025,0.00025,1155.2542,1897.0035,10132.18,113.85082,-35.44326966693605,49.242859308891575,99.0,-69.91856788691777,4.08537000103752,4.397856920200477,9.629225947738261,-9.10870113352698
41,939.0,0.0,0.0,3952.0,3952.0,75.0,1976.0,0.0,-390.0,-390.0,1.0,180.46153783798218,,,,,,,,,99.8415948506948,27.711707906043767,273.7646484375,58.29585266113281,0.00025000000000000006,5.421010862427522e-20,0.00025,0.00025,978.07135,1610.5594,12624.606,84.55165,-66.22072988346595,16.501562104412834,-4.0,-79.35411932190844,4.4760532061320415,4.912060753612917,9.868378501047456,-8.905993530935255
42,1014.0,0.0,0.0,4102.0,4102.0,75.0,2051.0,0.0,-390.0,-390.0,0.0,189.71837329864502,,,,,,,,,103.49238313210977,21.882947091012138,207.23947143554688,54.24874496459961,0.00025000000000000006,5.421010862427522e-20,0.00025,0.00025,1626.9691,1538.4962,7689.794,82.753,-66.88485757270864,17.0703989592007,-4.0,-79.35411932190844,4.139111213992369,4.963489130623462,9.899658434517999,-9.16915966103753
43,1089.0,0.0,0.0,4252.0,4252.0,75.0,2126.0,0.0,-375.0,-375.0,1.0,199.07466530799866,,,,,,,,,125.6371718741752,39.60363373503182,218.95028686523438,38.55455017089844,0.00025000000000000006,5.421010862427522e-20,0.00025,0.00025,2507.7468,4054.0542,19091.314,107.53258,-62.94791063102839,16.132398370473496,-4.0,-79.35411932190844,3.478415080020105,5.678304807944451,9.99326887159587,-9.075358640264415
44,1165.0,0.0,0.0,4402.0,4402.0,2.0,2201.0,0.0,,,0.0,208.34139466285706,,,,,,,,,,,,,,,,,,,,,,,,,9.087988793191364,0.4037607749026197,9.599434684340148,8.369572447757223
45,1239.0,0.0,0.0,4552.0,4552.0,75.0,2276.0,0.0,-365.0,-365.0,1.0,217.49819803237915,95.0,95.0,0.0,,,,,,114.47491687052958,32.63729111511252,247.7392578125,56.23707580566406,0.00025000000000000006,5.421010862427522e-20,0.00025,0.00025,3548.5334,3989.4346,27805.443,147.67693,-62.96249730895841,16.6011136932333,-4.0,-79.35411932190844,2.5499953028864457,6.2209349156579075,9.998909562154735,-9.189073015384547
46,1314.0,0.0,0.0,4702.0,4702.0,75.0,2351.0,0.0,-320.0,-320.0,0.0,235.92085361480713,,,,,,,,,120.07851482082057,36.18516634811428,334.2483825683594,59.190223693847656,0.00025000000000000006,5.421010862427522e-20,0.00025,0.00025,4200.04,5614.691,37481.844,342.3072,-53.528145870112134,14.243160189335967,-4.0,-70.15889525806355,3.368699832100151,6.044173993366076,9.999586501325496,-8.24790383359555
47,1316.0,0.0,0.0,4706.0,4706.0,2.0,2353.0,0.0,95.0,95.0,0.0,236.45447826385498,,,,,,,,,95.69279479980469,0.0,95.69279479980469,95.69279479980469,0.00025,0.0,0.00025,0.00025,1055.2488,0.0,1055.2488,1055.2488,96.505,2.4949999999999974,99.0,94.01,4.349382862690584,5.275993366789157,9.414123872393715,-5.72305627981996
48,1391.0,0.0,0.0,4856.0,4856.0,75.0,2428.0,0.0,-340.0,-340.0,0.0,247.57036566734314,,,,,,,,,112.07619579418285,22.613248139433537,185.07595825195312,75.2303466796875,0.00025000000000000006,5.421010862427522e-20,0.00025,0.00025,2896.871,2514.3513,17488.117,270.2689,-56.89985781319094,15.667818907305277,-4.0,-70.44187661562418,2.9181771015802918,5.34177667087425,9.821883584082974,-8.941669286604133
49,1393.0,0.0,0.0,4860.0,4860.0,2.0,2430.0,0.0,95.0,95.0,1.0,247.84797501564026,,,,,,,,,81.0477066040039,0.0,81.0477066040039,81.0477066040039,0.00025,0.0,0.00025,0.00025,1427.6826,0.0,1427.6826,1427.6826,96.505,2.4949999999999974,99.0,94.01,2.087571863954256,6.2568350853510175,8.786363379076205,-7.316946678406914
50,1468.0,0.0,0.0,5010.0,5010.0,75.0,2505.0,0.0,-350.0,-350.0,0.0,256.9693410396576,,,,,,,,,115.90352341935441,36.690177860989316,277.6483459472656,57.96099090576172,0.00025000000000000006,5.421010862427522e-20,0.00025,0.00025,5274.866,4917.167,25250.48,395.06247,-59.191151684460586,13.640799474164119,-9.0,-74.92040424160018,1.9428262230160112,6.448266113065567,9.99471944961425,-8.80586001382053
51,1543.0,0.0,0.0,5160.0,5160.0,75.0,2580.0,0.0,-385.0,-385.0,0.0,273.39024019241333,,,,,,,,,108.52951390034444,17.451738533833247,153.35415649414062,71.75080871582031,0.00025000000000000006,5.421010862427522e-20,0.00025,0.00025,3168.049,2259.7256,12458.398,592.4311,-64.8137992358112,17.364032384524588,-4.0,-75.01039025806355,2.9304762028438516,6.59873558903178,9.973921777777356,-8.844845692312747
52,1581.0,0.0,0.0,5236.0,5236.0,38.0,2618.0,0.0,-64.0,-64.0,1.0,277.97272753715515,,,,,,,,,165.2770987845756,67.65034910895669,363.51971435546875,70.5238265991211,0.00025000000000000006,5.421010862427522e-20,0.00025,0.00025,16104.591,11306.063,43991.098,1677.0504,-13.533881629960796,61.88539154350724,99.0,-70.19969463040277,1.5538988315317328,7.352071891969339,9.999999938284677,-9.199866499890133
53,1656.0,0.0,0.0,5386.0,5386.0,75.0,2693.0,0.0,-355.0,-355.0,1.0,286.98822045326233,,,,,,,,,142.327095444138,39.076245171632515,251.58596801757812,76.67400360107422,0.00025000000000000006,5.421010862427522e-20,0.00025,0.00025,7385.0483,6597.7695,37987.25,627.2173,-60.419587455968774,14.712920191946436,-9.0,-79.35411932190844,0.5742575419965273,6.557982419703764,9.999904933193044,-8.965154514016787
54,1732.0,0.0,0.0,5536.0,5536.0,75.0,2768.0,0.0,,,0.0,296.79736948013306,,,,,,,,,,,,,,,,,,,,,,,,,-4.2577290809541415,5.941265027113201,9.718496245696604,-8.231769709091335
55,1806.0,0.0,0.0,5686.0,5686.0,75.0,2843.0,0.0,-370.0,-370.0,1.0,305.9501519203186,-390.0,-390.0,0.0,,,,,,141.80655463966164,35.665525616085034,283.03106689453125,78.42351531982422,0.00025000000000000006,5.421010862427522e-20,0.00025,0.00025,11910.479,7377.4307,40460.82,2139.013,-63.347146697142996,17.691324570996645,-4.0,-75.01039025806355,0.6411553851835131,6.911998011607514,9.999927317335617,-9.193469410160025
56,1837.0,0.0,0.0,5748.0,5748.0,31.0,2874.0,0.0,-52.0,-52.0,1.0,313.3346633911133,,,,,,,,,128.3619733174642,33.8338557943264,253.60276794433594,84.11056518554688,0.00025000000000000006,5.421010862427522e-20,0.00025,0.00025,11464.199,7729.045,35253.258,3109.217,-8.540178385012423,66.37762870160785,98.0,-74.91856788691777,0.47396154272793967,7.166448459602368,9.997868178557074,-9.076322757015895
57,1912.0,0.0,0.0,5898.0,5898.0,75.0,2949.0,0.0,-375.0,-375.0,0.0,327.62972116470337,,,,,,,,,162.23344967816328,46.31576328351694,352.1538391113281,93.1606674194336,0.00025000000000000006,5.421010862427522e-20,0.00025,0.00025,11736.495,8594.463,48975.24,1658.286,-63.065504357342725,15.36464650698427,-9.0,-79.35411932190844,0.32249190741580064,6.854722684578393,9.99997695248657,-9.197883348907135
58,1987.0,0.0,0.0,6048.0,6048.0,75.0,3024.0,0.0,-390.0,-390.0,1.0,336.7813675403595,,,,,,,,,174.02191347689242,49.356988136158236,323.65545654296875,95.50008392333984,0.00025000000000000006,5.421010862427522e-20,0.00025,0.00025,16326.947,10503.396,53420.348,3727.7673,-66.66701464854067,16.488781785562278,-4.0,-79.35411932190844,-0.3400971248605208,6.505552476622453,9.997897024343526,-9.180570611532948
59,2062.0,0.0,0.0,6198.0,6198.0,75.0,3099.0,0.0,-325.0,-325.0,1.0,350.42942476272583,,,,,,,,,195.80014749475427,63.29674135367501,463.6645202636719,94.61854553222656,0.00025000000000000006,5.421010862427522e-20,0.00025,0.00025,19750.926,13863.659,90604.445,4811.494,-54.718555843163536,12.866463961562733,-4.0,-70.21156255206523,0.4785315246466075,7.273847266888258,9.999964467405075,-9.198748375938221
60,2137.0,0.0,0.0,6348.0,6348.0,75.0,3174.0,0.0,-340.0,-340.0,0.0,359.42611956596375,,,,,,,,,213.08453987740182,70.32743679990776,415.5224914550781,122.60304260253906,0.00025000000000000006,5.421010862427522e-20,0.00025,0.00025,20665.908,12856.379,69018.64,3157.9834,-57.569023359743355,15.97966953633196,-4.0,-74.87005293691777,-0.6754405890447537,6.703141856884388,9.999995859437853,-9.199498470838034
61,2212.0,0.0,0.0,6498.0,6498.0,75.0,3249.0,0.0,-385.0,-385.0,0.0,377.0696175098419,,,,,,,,,197.26291079134555,82.67759095032596,503.979736328125,69.0907211303711,0.00025000000000000006,5.421010862427522e-20,0.00025,0.00025,27870.443,19958.285,93148.95,3338.4617,-66.45907518774119,17.230069009639696,-4.0,-79.35411932190844,-0.527232249648616,6.928852208938348,9.999977568807621,-9.155041092386526
62,2287.0,0.0,0.0,6648.0,6648.0,75.0,3324.0,0.0,-380.0,-380.0,1.0,394.3941898345947,,,,,,,,,277.18375840058195,113.00302072396983,805.637451171875,87.1014175415039,0.00025000000000000006,5.421010862427522e-20,0.00025,0.00025,41337.367,27739.66,161828.19,8858.363,-63.8808549334198,16.565001262742854,-4.0,-79.35411932190844,-2.9764159469869473,6.705214223772886,9.99999999832276,-9.142946542540349
63,2362.0,0.0,0.0,6798.0,6798.0,75.0,3399.0,0.0,-385.0,-385.0,0.0,403.14654898643494,,,,,,,,,281.52878147846945,133.7022837175271,626.57861328125,113.26272583007812,0.00025000000000000006,5.421010862427522e-20,0.00025,0.00025,32428.27,23643.209,128409.13,4174.0913,-64.98930934964346,14.765816361630415,-9.0,-79.35411932190844,-3.22681054328302,6.3629983539334685,9.999993793600582,-9.175395491857214
64,2395.0,0.0,0.0,6862.0,6862.0,75.0,3431.0,0.0,,,0.0,407.6406626701355,,,,,,,,,,,,,,,,,,,,,,,,,-3.619233487879284,4.477066305516561,9.81676600941148,-8.92755156838857
65,2469.0,0.0,0.0,7012.0,7012.0,75.0,3506.0,0.0,-380.0,-380.0,1.0,416.37330198287964,-390.0,-390.0,0.0,,,,,,258.50347044661237,109.19545034784645,723.5952758789062,116.44245910644531,0.00025000000000000006,5.421010862427522e-20,0.00025,0.00025,37625.87,22571.588,105832.49,7645.1357,-64.1295877446931,15.827797623032941,-9.0,-79.35411932190844,-1.5194779996916055,6.84024248858217,9.999991985930876,-9.19389493508881
66,2479.0,0.0,0.0,7032.0,7032.0,10.0,3516.0,0.0,58.0,58.0,1.0,418.4579200744629,,,,,,,,,214.96088663736978,81.86492852755856,374.40802001953125,100.33743286132812,0.00025,0.0,0.00025,0.00025,28916.64,20116.146,77728.88,9019.041,76.1384457060656,15.211761412992029,99.0,50.8951064943368,-1.4982568022990135,7.5259844743960365,9.999694593505124,-9.199904950037237
67,2509.0,0.0,0.0,7092.0,7092.0,30.0,3546.0,0.0,-47.0,-47.0,0.0,425.71759390830994,,,,,,,,,274.92604748956086,83.71246593121873,501.48577880859375,158.63858032226562,0.00025000000000000006,5.421010862427522e-20,0.00025,0.00025,49181.113,24065.473,109645.95,11664.722,-5.727471686354985,68.68207074355645,99.0,-74.96517115431311,-3.1030672783315794,6.784417165428069,9.999956630807196,-9.175846842331051
68,2584.0,0.0,0.0,7242.0,7242.0,75.0,3621.0,0.0,-320.0,-320.0,1.0,440.21026492118835,,,,,,,,,217.54676798227672,68.51706043442996,506.0028076171875,123.89950561523438,0.00025000000000000006,5.421010862427522e-20,0.00025,0.00025,29716.861,15818.101,84205.164,4566.5513,-52.86103341855515,13.764574010882088,-4.0,-70.48847988301952,-1.185702188157556,6.728104187946714,9.999982167659079,-9.19986602526392
69,2659.0,0.0,0.0,7392.0,7392.0,75.0,3696.0,0.0,-345.0,-345.0,1.0,449.41232538223267,,,,,,,,,318.8809348441459,151.09267848311768,1135.76123046875,62.050559997558594,0.00025000000000000006,5.421010862427522e-20,0.00025,0.00025,54788.86,34577.21,176955.03,8848.998,-58.51062519106309,13.361181266370783,-4.0,-74.73766863352344,0.4645559557139651,8.056349446123892,9.999999953649562,-9.198800401227144
70,2734.0,0.0,0.0,7542.0,7542.0,75.0,3771.0,0.0,-370.0,-370.0,0.0,458.59444427490234,,,,,,,,,378.56195192079286,154.8363119216651,860.5770263671875,154.60313415527344,0.00025000000000000006,5.421010862427522e-20,0.00025,0.00025,76847.44,46178.383,257960.83,12750.451,-62.48895267390032,15.257893909839717,-9.0,-75.01039025806355,-2.4757509111479665,6.74426341596837,9.999999999681302,-9.198492338154272
