Episode #,Training Iter,Epoch,In Heatup,ER #Transitions,ER #Episodes,Episode Length,Total steps,Epsilon,Shaped Training Reward,Training Reward,Update Target Network,Wall-Clock Time,Evaluation Reward,Shaped Evaluation Reward,Success Rate,Inverse Propensity Score,Direct Method Reward,Doubly Robust,Weighted Importance Sampling,Sequential Doubly Robust,Loss/Mean,Loss/Stdev,Loss/Max,Loss/Min,Learning Rate/Mean,Learning Rate/Stdev,Learning Rate/Max,Learning Rate/Min,Grads (unclipped)/Mean,Grads (unclipped)/Stdev,Grads (unclipped)/Max,Grads (unclipped)/Min,Discounted Return/Mean,Discounted Return/Stdev,Discounted Return/Max,Discounted Return/Min,Q/Mean,Q/Stdev,Q/Max,Q/Min
1,0.0,0.0,1.0,150.0,150.0,75.0,75.0,0.0,,,0.0,0.04692530632019043,,,,,,,,,,,,,,,,,,,,,-31.08984732748968,5.587764037701959,-4.0,-37.025355837204,,,,
2,0.0,0.0,1.0,244.0,244.0,47.0,122.0,0.0,,,0.0,0.5457978248596191,,,,,,,,,,,,,,,,,,,,,-16.545392172140385,40.52160025631618,97.0,-36.976840887204,,,,
3,0.0,0.0,1.0,252.0,252.0,4.0,126.0,0.0,,,0.0,0.6221749782562256,,,,,,,,,,,,,,,,,,,,,91.56477525,5.523422867125757,99.0,84.17920099999999,,,,
4,0.0,0.0,1.0,332.0,332.0,40.0,166.0,0.0,,,0.0,0.9666998386383057,,,,,,,,,,,,,,,,,,,,,-11.915872460476447,44.621313973160504,99.0,-37.025355837204,,,,
5,0.0,0.0,1.0,348.0,348.0,8.0,174.0,0.0,,,0.0,1.0873024463653564,,,,,,,,,,,,,,,,,,,,,69.10190982549938,39.59152597159595,99.0,-32.123860837204,,,,
6,0.0,0.0,1.0,498.0,498.0,75.0,249.0,0.0,,,0.0,1.6918606758117676,,,,,,,,,,,,,,,,,,,,,-30.177549979536277,5.7050629771734815,-4.0,-36.976840887204,,,,
7,0.0,0.0,1.0,648.0,648.0,75.0,324.0,0.0,,,0.0,2.2875943183898926,,,,,,,,,,,,,,,,,,,,,-31.798936288063143,5.575043988440766,-4.0,-37.025355837204,,,,
8,0.0,0.0,1.0,722.0,722.0,37.0,361.0,0.0,,,0.0,2.5997796058654785,,,,,,,,,,,,,,,,,,,,,-9.76070242867408,45.70417297589467,99.0,-37.025355837204,,,,
9,0.0,0.0,1.0,824.0,824.0,51.0,412.0,0.0,,,0.0,3.0075857639312744,,,,,,,,,,,,,,,,,,,,,-16.067935170094255,40.2892651783724,99.0,-36.976840887204,,,,
10,0.0,0.0,1.0,974.0,974.0,75.0,487.0,0.0,,,0.0,3.613086462020874,,,,,,,,,,,,,,,,,,,,,-30.957180660823013,4.9142186468080284,-9.0,-37.025355837204,,,,
11,0.0,0.0,1.0,1020.0,1020.0,23.0,510.0,0.0,,,0.0,3.838740587234497,,,,,,,,,,,,,,,,,,,,,1.6697777350617329,54.93956859680244,99.0,-37.025355837204,,,,
12,0.0,0.0,1.0,1170.0,1170.0,75.0,585.0,0.0,,,0.0,4.454312801361084,,,,,,,,,,,,,,,,,,,,,-30.440243246202943,5.996833514402263,-4.0,-37.025355837204,,,,
13,0.0,0.0,1.0,1320.0,1320.0,75.0,660.0,0.0,,,0.0,5.080268621444702,,,,,,,,,,,,,,,,,,,,,-31.08984732748968,5.753737620102163,-4.0,-37.025355837204,,,,
14,0.0,0.0,1.0,1470.0,1470.0,75.0,735.0,0.0,,,0.0,5.6777825355529785,,,,,,,,,,,,,,,,,,,,,-30.63044766015635,5.986497661684091,-4.0,-37.025355837204,,,,
15,0.0,0.0,1.0,1488.0,1488.0,9.0,744.0,0.0,,,0.0,5.790999174118042,,,,,,,,,,,,,,,,,,,,,59.51015752964344,47.12307084825108,99.0,-27.173860837203996,,,,
16,0.0,0.0,1.0,1494.0,1494.0,3.0,747.0,0.0,,,0.0,5.866732597351074,,,,,,,,,,,,,,,,,,,,,94.02663333333334,4.053963410732211,99.0,89.0699,,,,
17,0.0,0.0,1.0,1534.0,1534.0,20.0,767.0,0.0,,,0.0,6.062340497970581,,,,,,,,,,,,,,,,,,,,,7.2119660707268505,56.87575385795946,99.0,-37.025355837204,,,,
18,0.0,0.0,1.0,1546.0,1546.0,6.0,773.0,0.0,,,0.0,6.159039735794067,,,,,,,,,,,,,,,,,,,,,86.69009081501667,8.353358589486014,99.0,74.5440349001,,,,
19,0.0,0.0,1.0,1632.0,1632.0,43.0,816.0,0.0,,,0.0,6.519088983535767,,,,,,,,,,,,,,,,,,,,,-14.228507022725001,43.72188344822317,99.0,-37.025355837204,,,,
20,0.0,0.0,1.0,1684.0,1684.0,26.0,842.0,0.0,,,0.0,6.754883527755737,,,,,,,,,,,,,,,,,,,,,-2.934926925915152,50.49539699073312,97.0,-37.025355837204,,,,
21,0.0,0.0,1.0,1834.0,1834.0,75.0,917.0,0.0,,,0.0,7.354422569274902,,,,,,,,,,,,,,,,,,,,,-31.66890968806314,5.579614164179252,-4.0,-37.025355837204,,,,
22,0.0,0.0,1.0,1838.0,1838.0,2.0,919.0,0.0,,,0.0,7.417118787765503,,,,,,,,,,,,,,,,,,,,,96.505,2.4949999999999974,99.0,94.01,,,,
23,0.0,0.0,1.0,1854.0,1854.0,8.0,927.0,0.0,,,0.0,7.526792764663696,,,,,,,,,,,,,,,,,,,,,69.338530476662,28.736487618994627,96.01,-1.0,,,,
24,0.0,0.0,1.0,1868.0,1868.0,7.0,934.0,0.0,,,0.0,7.630628824234009,,,,,,,,,,,,,,,,,,,,,84.27701992017128,9.733842776448524,99.0,69.798594551099,,,,
25,0.0,0.0,1.0,2018.0,2018.0,75.0,1009.0,0.0,,,0.0,8.847217559814453,,,,,,,,,,,,,,,,,,,,,-31.41007834144308,5.723750733887434,-4.0,-37.025355837204,,,,
26,74.0,0.0,0.0,2168.0,2168.0,75.0,1084.0,0.0,-315.0,-315.0,1.0,29.67818856239319,,,,,,,,,246.30896547678356,99.68403601617099,404.2150573730469,31.26717758178711,0.00025000000000000006,5.421010862427522e-20,0.00025,0.00025,1755.0735,2647.9482,12401.789,8.06152,-27.460163895815878,5.366474649889724,-4.0,-37.025355837204,3.3668414524337895,4.2454959059176,9.983387100646464,-7.9153587605897835
27,149.0,0.0,0.0,2318.0,2318.0,75.0,1159.0,0.0,-325.0,-325.0,0.0,41.94297647476196,,,,,,,,,166.33625618187156,40.68022327429188,251.77024841308594,88.35162353515625,0.00025000000000000006,5.421010862427522e-20,0.00025,0.00025,560.4922,350.17612,1794.2388,93.55006,-28.36595925705601,5.862388290945757,-4.0,-36.976840887204,5.000628062989504,2.833540511871324,9.524770752720361,-5.1566726747390925
28,164.0,0.0,0.0,2348.0,2348.0,15.0,1174.0,0.0,36.0,36.0,0.0,43.83615469932556,,,,,,,,,130.62375804356165,21.988176778400316,174.5658721923828,98.37629699707031,0.0002500000000000001,1.0842021724855044e-19,0.00025,0.00025,684.64,452.42947,1669.3485,256.3991,21.666266418564003,54.7472058725389,97.0,-31.976840887204,3.4105952540516182,3.1374292165857574,9.46876592567414,-5.747960612490751
29,170.0,0.0,0.0,2360.0,2360.0,6.0,1180.0,0.0,72.0,72.0,1.0,44.641722440719604,,,,,,,,,133.0423583984375,8.500356736141251,149.7725067138672,127.04884338378906,0.00025,0.0,0.00025,0.00025,1648.1355,848.348,3170.1401,709.8181,82.26434579505,10.5527077225185,97.0,67.74155480030001,3.8244036703717454,1.9149243678004602,7.852801873871265,-1.6197044009788506
30,245.0,0.0,0.0,2510.0,2510.0,75.0,1255.0,0.0,-310.0,-310.0,0.0,54.07378792762756,,,,,,,,,146.55129747132997,45.30033670165944,235.190673828125,68.887939453125,0.00025000000000000006,5.421010862427522e-20,0.00025,0.00025,570.6544,365.9936,1674.644,99.32245,-26.687035201242406,4.529069095999148,-4.0,-32.173860837203996,4.990865602431029,2.538880685263814,9.791724522898312,-3.064096472951176
31,320.0,0.0,0.0,2660.0,2660.0,75.0,1330.0,0.0,-315.0,-315.0,0.0,72.93136858940125,,,,,,,,,133.29112377682247,30.978314684791,192.8929901123047,58.162208557128906,0.00025000000000000006,5.421010862427522e-20,0.00025,0.00025,536.7158,382.67493,2740.7324,120.889725,-27.460163895815878,5.248189182783945,-4.0,-37.025355837204,4.800380201765592,2.531544145498461,9.430618090656571,-3.7254700536199383
32,395.0,0.0,0.0,2810.0,2810.0,75.0,1405.0,0.0,-355.0,-355.0,0.0,84.42019605636597,,,,,,,,,135.71933282388224,21.340373086901913,191.5284423828125,96.47380065917969,0.00025000000000000006,5.421010862427522e-20,0.00025,0.00025,470.52255,278.87027,1283.3605,93.66143,-31.083345340776408,6.892562694171162,-4.0,-37.025355837204,4.747529850008416,2.0368236918030878,8.335429627753062,-3.5142588770424483
33,400.0,0.0,0.0,2820.0,2820.0,5.0,1410.0,0.0,76.0,76.0,1.0,85.1787097454071,,,,,,,,,133.56912422180176,6.172207168586977,142.669189453125,125.49311065673828,0.00025,0.0,0.00025,0.00025,594.8715,309.24088,1096.9865,279.9935,85.16890399399999,9.1111370501028,97.0,72.46621696999999,4.813620441729214,0.7404727972553942,6.9238266794785925,2.8909165411634605
34,475.0,0.0,0.0,2970.0,2970.0,75.0,1485.0,0.0,-355.0,-355.0,1.0,95.37405395507812,,,,,,,,,137.81543473939638,17.634536905972144,173.4308624267578,99.17596435546875,0.00025000000000000006,5.421010862427522e-20,0.00025,0.00025,440.29852,324.08228,2050.3267,83.30042,-31.083345340776408,6.430836340660194,-4.0,-37.025355837204,4.302656273751156,1.802021155309261,8.297785674800934,-2.3573169706046615
35,550.0,0.0,0.0,3120.0,3120.0,75.0,1560.0,0.0,-350.0,-350.0,0.0,104.90362930297852,,,,,,,,,127.83996252111487,31.36709683890995,207.6436767578125,78.96914672851562,0.00025000000000000006,5.421010862427522e-20,0.00025,0.00025,507.99936,342.73172,2248.9565,88.23736,-30.630447660156346,6.059443565690881,-4.0,-37.025355837204,4.94389372776718,2.3545506182934037,9.408176291896012,-2.1790466494916476
36,570.0,0.0,0.0,3160.0,3160.0,20.0,1580.0,0.0,13.0,13.0,1.0,111.18395376205444,-350.0,-350.0,0.0,,,,,,133.58130123740747,21.25232926132096,169.8958740234375,98.38658905029297,0.00025000000000000006,5.421010862427522e-20,0.00025,0.00025,838.7298,569.54114,2401.8127,246.72733,8.9103323730521,55.61293052932782,99.0,-32.173860837203996,2.8932978627366883,2.802871080786289,7.78841829895344,-3.924319359901106
37,645.0,0.0,0.0,3310.0,3310.0,75.0,1655.0,0.0,-315.0,-315.0,0.0,127.70522713661194,,,,,,,,,138.95281394752297,33.92732437735762,216.7464599609375,64.32424926757812,0.00025000000000000006,5.421010862427522e-20,0.00025,0.00025,423.37238,251.04503,1245.1239,64.46709,-27.460163895815878,5.366474649889724,-4.0,-37.025355837204,3.802247802706426,2.654396631609718,9.500107397234242,-2.8941049620756525
38,658.0,0.0,0.0,3336.0,3336.0,13.0,1668.0,0.0,51.0,51.0,0.0,129.4035153388977,,,,,,,,,109.7053788503011,6.571081175935665,122.25639343261719,94.11294555664062,0.00025000000000000006,5.421010862427522e-20,0.00025,0.00025,698.9268,377.47464,1320.0627,191.79472,32.83815187830577,56.01756860772448,99.0,-27.173860837203996,4.985557136645652,1.6141987421496709,8.520372467407684,-2.583865877731718
39,660.0,0.0,0.0,3340.0,3340.0,2.0,1670.0,0.0,95.0,95.0,1.0,129.70559334754944,,,,,,,,,121.51286315917969,0.0,121.51286315917969,121.51286315917969,0.00025,0.0,0.00025,0.00025,850.12067,0.0,850.12067,850.12067,96.505,2.4949999999999974,99.0,94.01,0.5493618291748357,3.571487051826388,5.227032381847846,-5.706662571523496
40,735.0,0.0,0.0,3490.0,3490.0,75.0,1745.0,0.0,-365.0,-365.0,0.0,139.6425518989563,,,,,,,,,132.69685693689294,25.56669555897383,195.67164611816406,78.28074645996094,0.00025000000000000006,5.421010862427522e-20,0.00025,0.00025,577.1691,470.94684,2569.5635,137.74643,-31.989140702016545,6.865914797135777,-4.0,-37.025355837204,4.054853821345901,2.458244506058499,9.096829749696179,-6.905662552979938
41,810.0,0.0,0.0,3640.0,3640.0,75.0,1820.0,0.0,-370.0,-370.0,0.0,162.0078353881836,,,,,,,,,122.31520998155749,18.72534841467221,156.37112426757812,70.85234069824219,0.00025000000000000006,5.421010862427522e-20,0.00025,0.00025,669.36584,576.478,3166.934,124.63332,-32.44203838263661,6.885472605866335,-4.0,-37.025355837204,4.884678477150821,2.0917426153034113,9.599052817597316,-0.9399605737441785
42,856.0,0.0,0.0,3732.0,3732.0,46.0,1866.0,0.0,-121.0,-121.0,1.0,169.18069410324097,,,,,,,,,141.33995980156791,38.20022795927922,208.2579803466797,55.02718734741211,0.00025,0.0,0.00025,0.00025,730.3487,552.61676,2173.092,130.0163,-16.121305251778185,42.84505572069589,99.0,-37.025355837204,2.4848001554609405,3.5696051412268113,9.819832833489036,-6.381408853903999
43,931.0,0.0,0.0,3882.0,3882.0,75.0,1941.0,0.0,-375.0,-375.0,1.0,178.73268604278564,,,,,,,,,125.67528090605865,30.19218802014718,178.6990203857422,56.793312072753906,0.00025000000000000006,5.421010862427522e-20,0.00025,0.00025,656.0203,510.97748,2376.2954,95.098495,-32.89493606325668,6.441473243196252,-4.0,-37.025355837204,4.020766716073522,3.219575181619063,9.777205828089318,-5.409122764208322
44,1006.0,0.0,0.0,4032.0,4032.0,75.0,2016.0,0.0,-315.0,-315.0,0.0,188.08360362052917,,,,,,,,,125.14880865973396,29.74831098338057,192.4068603515625,57.93626403808594,0.00025000000000000006,5.421010862427522e-20,0.00025,0.00025,1156.1908,1025.0497,5304.5215,96.606026,-27.333999215862477,5.315868037619557,-4.0,-37.025355837204,3.879429049792379,3.950452334727021,9.929344267681879,-7.885943972244282
45,1081.0,0.0,0.0,4182.0,4182.0,75.0,2091.0,0.0,-335.0,-335.0,0.0,197.58911323547363,,,,,,,,,125.09266270817938,30.135247234397212,185.0174560546875,56.85243225097656,0.00025000000000000006,5.421010862427522e-20,0.00025,0.00025,1344.364,1435.3815,7747.2686,161.27269,-29.271754618296146,6.218794269339418,-4.0,-37.025355837204,3.6056560405199294,3.7907038187555693,9.829030325542607,-7.764808559042097
46,1123.0,0.0,0.0,4266.0,4266.0,42.0,2133.0,0.0,-80.0,-80.0,1.0,209.65107202529907,-345.0,-345.0,0.0,,,,,,142.4800567626953,54.97162780436046,422.57958984375,68.25094604492188,0.00025,0.0,0.00025,0.00025,3300.497,3967.6833,23778.443,333.55258,-11.024951619058475,42.91250247653362,99.0,-37.025355837204,0.5846341631980723,5.033625501765295,9.986617508565793,-8.079723119200764
47,1167.0,0.0,0.0,4354.0,4354.0,44.0,2177.0,0.0,-93.0,-93.0,1.0,220.86375212669373,,,,,,,,,133.09395563879679,28.40809953909669,169.11416625976562,80.05278778076172,0.00025,0.0,0.00025,0.00025,1029.9718,630.0005,3100.069,200.48804,-12.530977630031112,41.651437398598176,99.0,-37.025355837204,3.4331404299702935,4.024693345938601,9.76391533819089,-6.422016338433503
48,1208.0,0.0,0.0,4436.0,4436.0,41.0,2218.0,0.0,-91.0,-91.0,0.0,226.19590306282043,,,,,,,,,112.0417537689209,16.135424601249916,141.462158203125,76.08818054199219,0.00025,0.0,0.00025,0.00025,1515.6029,1041.0371,4879.093,354.83237,-13.116489885433339,44.159824702363494,99.0,-37.025355837204,4.158872053462374,3.659530822984588,9.557093364686958,-7.4107913168191955
49,1283.0,0.0,0.0,4586.0,4586.0,75.0,2293.0,0.0,-330.0,-330.0,1.0,235.75027132034302,,,,,,,,,117.3070601385993,20.07685862791697,154.3397979736328,76.49541473388672,0.00025000000000000006,5.421010862427522e-20,0.00025,0.00025,1647.5868,1381.2616,8779.281,177.41104,-28.563965923722673,4.786350826963718,-4.0,-37.025355837204,4.094665068336402,3.838548648326371,9.855066336392811,-7.4435701989813845
50,1301.0,0.0,0.0,4622.0,4622.0,18.0,2311.0,0.0,21.0,21.0,0.0,238.0467131137848,,,,,,,,,113.44338764863856,22.15646650617163,189.86297607421875,84.19161224365234,0.00025,0.0,0.00025,0.00025,4315.421,4480.55,15630.155,747.33307,12.394001007719169,57.710662962465264,99.0,-37.025355837204,4.026380284246327,4.111434587694964,9.95286328473062,-7.449111550861445
51,1376.0,0.0,0.0,4772.0,4772.0,75.0,2386.0,0.0,-345.0,-345.0,1.0,255.04801678657532,,,,,,,,,133.78404864749393,26.096680941797608,238.61756896972656,90.18898010253906,0.00025000000000000006,5.421010862427522e-20,0.00025,0.00025,3284.5242,4970.4155,22926.44,114.7184,-30.177549979536277,6.419629541763827,-4.0,-37.025355837204,3.1667408151734455,3.9735129482643767,9.84726032062275,-8.814007730619892
52,1451.0,0.0,0.0,4922.0,4922.0,75.0,2461.0,0.0,-370.0,-370.0,1.0,264.8846402168274,,,,,,,,,116.82919022843645,15.422068253705014,167.3677520751953,82.04534912109375,0.00025000000000000006,5.421010862427522e-20,0.00025,0.00025,2224.7063,1758.5067,11682.611,420.05243,-32.059042025389815,6.843935704010677,-4.0,-37.025355837204,3.315073934216507,4.1666024560238695,9.722728020211674,-7.93710216773896
53,1526.0,0.0,0.0,5072.0,5072.0,75.0,2536.0,0.0,-325.0,-325.0,0.0,276.41187357902527,,,,,,,,,132.64608115118904,30.576255699053103,278.9337463378906,84.07229614257812,0.00025000000000000006,5.421010862427522e-20,0.00025,0.00025,3934.1238,4440.1255,25033.97,516.89404,-28.36595925705601,4.815939476324979,-4.0,-36.976840887204,3.430283151953888,4.414700997145418,9.980177553801193,-8.75520200400009
54,1546.0,0.0,0.0,5112.0,5112.0,20.0,2556.0,0.0,23.0,23.0,1.0,279.00302600860596,,,,,,,,,119.10307633249383,23.97982451738209,193.88885498046875,92.9791488647461,0.00025000000000000006,5.421010862427522e-20,0.00025,0.00025,6053.9663,5236.15,23426.322,1814.3033,11.833947427877353,53.4696846374804,99.0,-27.173860837203996,3.955324959002487,4.288522706023211,9.934184198148957,-7.82538128335093
55,1621.0,0.0,0.0,5262.0,5262.0,75.0,2631.0,0.0,-375.0,-375.0,0.0,288.87075638771057,,,,,,,,,146.38242030788112,32.87518364567427,276.44049072265625,86.5914535522461,0.00025000000000000006,5.421010862427522e-20,0.00025,0.00025,5548.89,7005.258,38491.758,365.9191,-32.44854036934988,6.46369226065509,-4.0,-37.025355837204,3.6557659366665334,4.209588564077774,9.924203565891201,-8.78751771318972
56,1696.0,0.0,0.0,5412.0,5412.0,75.0,2706.0,0.0,-355.0,-355.0,1.0,307.4109537601471,-380.0,-380.0,0.0,,,,,,131.53232904382654,26.81689700268278,174.08523559570312,69.7386703491211,0.00025000000000000006,5.421010862427522e-20,0.00025,0.00025,3779.3506,3220.1213,14396.796,566.89343,-31.083345340776408,6.079571890707116,-4.0,-37.025355837204,2.2890037901374702,4.615265379113297,9.90149126153234,-8.030417646226711
57,1771.0,0.0,0.0,5562.0,5562.0,75.0,2781.0,0.0,-345.0,-345.0,0.0,320.3457999229431,,,,,,,,,134.82120122136297,24.241456745771973,199.85568237304688,81.36424255371094,0.00025000000000000006,5.421010862427522e-20,0.00025,0.00025,4840.675,4162.9727,21741.658,898.02435,-29.922658965582876,5.98408146853549,-4.0,-37.025355837204,3.070634404507679,4.562695041019799,9.991057322679797,-8.934493754982327
58,1784.0,0.0,0.0,5588.0,5588.0,13.0,2794.0,0.0,51.0,51.0,0.0,321.9642131328583,,,,,,,,,127.85144869486491,14.212284475462358,167.351806640625,111.19052124023438,0.00025000000000000006,5.421010862427522e-20,0.00025,0.00025,5214.7075,4727.0273,20583.78,2415.1106,32.83815187830577,56.01756860772448,99.0,-27.173860837203996,0.005913267351615298,4.125730860362631,8.295746786728854,-7.935039929348559
59,1795.0,0.0,0.0,5610.0,5610.0,11.0,2805.0,0.0,54.0,54.0,1.0,323.34775733947754,,,,,,,,,139.2994400024414,47.457108671821054,238.6007843017578,91.75873565673828,0.00025000000000000006,5.421010862427522e-20,0.00025,0.00025,11969.365,9495.992,37755.984,1419.2994,42.84488146294391,55.377186894062646,99.0,-32.173860837203996,4.791712381911079,6.805726989086663,9.999982488908131,-9.121540286920595
60,1818.0,0.0,0.0,5656.0,5656.0,23.0,2828.0,0.0,-6.0,-6.0,0.0,326.222873210907,,,,,,,,,180.56332328102806,53.41491045209754,307.6361389160156,114.61196899414062,0.00025000000000000006,5.421010862427522e-20,0.00025,0.00025,13825.085,8525.775,36058.742,3681.1753,1.7247155429486118,51.99943571882018,97.0,-37.025355837204,-2.2645785233478812,6.51437426177044,9.998827393075242,-9.071508410110617
61,1820.0,0.0,0.0,5660.0,5660.0,2.0,2830.0,0.0,95.0,95.0,0.0,326.49821496009827,,,,,,,,,141.11013793945312,0.0,141.11013793945312,141.11013793945312,0.00025,0.0,0.00025,0.00025,14689.619,0.0,14689.619,14689.619,96.505,2.4949999999999974,99.0,94.01,-1.836372775719136,4.7740669909426865,8.895910471623678,-8.343020444176702
62,1866.0,0.0,0.0,5752.0,5752.0,46.0,2876.0,0.0,-106.0,-106.0,0.0,337.84469866752625,,,,,,,,,137.64372083875867,20.711626820411528,189.97006225585938,93.52523803710938,0.00025,0.0,0.00025,0.00025,5818.469,3539.1685,17437.445,1600.4945,-13.178225791288519,41.368485545717064,99.0,-37.025355837204,0.19740470634271334,4.716188344533822,9.643347912383117,-8.495183650436848
63,1874.0,0.0,0.0,5768.0,5768.0,8.0,2884.0,0.0,67.0,67.0,0.0,339.86848616600037,,,,,,,,,130.62914385114397,9.015887498259012,144.90728759765625,121.74466705322266,0.00025,0.0,0.00025,0.00025,3912.156,2866.5483,10597.654,1571.6497,69.338530476662,28.736487618994627,96.01,-1.0,-0.19896788480873184,3.8594627913750816,8.135506260044332,-8.182767320375344
64,1880.0,0.0,0.0,5780.0,5780.0,6.0,2890.0,0.0,72.0,72.0,0.0,341.40300822257996,,,,,,,,,142.20712280273438,12.255253251441353,155.83721923828125,122.77890014648438,0.00025,0.0,0.00025,0.00025,6736.802,4172.662,13454.961,2320.5332,82.26434579505,10.5527077225185,97.0,67.74155480030001,2.328576017040649,4.30154715828568,9.710050935567805,-8.019875756300593
65,1894.0,0.0,0.0,5808.0,5808.0,14.0,2904.0,0.0,33.0,33.0,0.0,344.8953928947449,,,,,,,,,141.05009519136868,20.615286760315783,192.0797119140625,99.6625747680664,0.0002500000000000001,1.0842021724855044e-19,0.00025,0.00025,5767.2993,3190.278,11121.445,1440.0161,24.149519835254786,55.83287471860198,96.01,-37.025355837204,1.9051922863883006,4.926872074722762,9.659281951239103,-7.923182505142396
66,1969.0,0.0,0.0,5958.0,5958.0,75.0,2979.0,0.0,-365.0,-365.0,1.0,365.03980326652527,-390.0,-390.0,0.0,,,,,,124.4581701948836,18.06796116307555,159.1903076171875,85.10882568359375,0.00025000000000000006,5.421010862427522e-20,0.00025,0.00025,3946.907,2346.1912,12620.996,867.95,-31.989140702016545,5.944645421785882,-4.0,-37.025355837204,3.8610913377023723,4.305235768597011,9.858291934350888,-7.775109406267853
67,2010.0,0.0,0.0,6040.0,6040.0,41.0,3020.0,0.0,-96.0,-96.0,0.0,373.6059994697571,,,,,,,,,181.8667221069336,102.81401863095148,669.4691772460938,69.44204711914062,0.00025,0.0,0.00025,0.00025,15787.856,12622.527,58523.508,2506.8296,-13.944961252421264,44.56349308903672,99.0,-37.025355837204,3.239319453012094,6.8977613978279555,9.999682075536862,-9.135804422865364
68,2043.0,0.0,0.0,6106.0,6106.0,33.0,3053.0,0.0,-59.0,-59.0,0.0,377.6558289527893,,,,,,,,,158.51432085037231,33.45660564274061,242.89474487304688,91.72196960449219,0.00025,0.0,0.00025,0.00025,11752.111,6496.9907,31250.541,2747.7944,-9.708642381973785,48.05908183275355,99.0,-37.025355837204,0.8044785314790222,5.504628877205426,9.955377614012104,-8.948642054814261
69,2066.0,0.0,0.0,6152.0,6152.0,23.0,3076.0,0.0,11.0,11.0,0.0,380.5265552997589,,,,,,,,,181.80829551003197,56.75946694988985,321.16522216796875,90.29456329345703,0.00025000000000000006,5.421010862427522e-20,0.00025,0.00025,15871.578,8228.123,34856.324,2575.7637,6.745972436779783,51.56235505922708,99.0,-27.173860837203996,1.9447936780134831,5.8527250872346,9.939539709877863,-8.710166308109184
70,2097.0,0.0,0.0,6214.0,6214.0,31.0,3107.0,0.0,-51.0,-51.0,0.0,384.3872375488281,,,,,,,,,183.27194646199544,46.29868738361291,284.1632385253906,106.18363189697266,0.00025000000000000006,5.421010862427522e-20,0.00025,0.00025,14550.998,8321.478,36154.566,3398.6577,-7.9651822865878055,50.12003044433522,99.0,-37.025355837204,1.6994888428344563,5.260048839487263,9.964052240583943,-8.57965707713738
71,2126.0,0.0,0.0,6272.0,6272.0,29.0,3136.0,0.0,-33.0,-33.0,1.0,391.4523446559906,,,,,,,,,125.59082303728376,23.113210395549356,198.2191162109375,87.84235382080078,0.00025000000000000006,5.421010862427522e-20,0.00025,0.00025,9027.315,5208.0396,23508.082,2080.9963,-4.957072522872722,50.26504805864736,99.0,-37.025355837204,4.511501671392091,4.492191601843188,9.8852184225776,-8.635882810846631
72,2201.0,0.0,0.0,6422.0,6422.0,75.0,3211.0,0.0,-370.0,-370.0,0.0,405.8328695297241,,,,,,,,,144.22820632522172,35.32235726848901,235.96588134765625,71.49969482421875,0.00025000000000000006,5.421010862427522e-20,0.00025,0.00025,6401.6704,6290.5874,29297.896,784.37756,-32.18714736868321,5.989970306067951,-4.0,-37.025355837204,1.5257396792571496,5.46004077199795,9.862366242760343,-8.97491631637661
73,2219.0,0.0,0.0,6458.0,6458.0,18.0,3229.0,0.0,26.0,26.0,0.0,408.05694913864136,,,,,,,,,127.8494805728688,27.660898339486774,184.69949340820312,78.44290924072266,0.00025,0.0,0.00025,0.00025,10613.749,8051.0654,31976.854,2180.7202,15.615370568441948,55.12878774106673,99.0,-32.173860837203996,1.4905433846839202,5.730784064966216,9.874581504466574,-7.997042528733583
74,2289.0,0.0,0.0,6598.0,6598.0,70.0,3299.0,0.0,-239.0,-239.0,1.0,416.56425309181213,,,,,,,,,150.4191373742145,33.55397058600073,269.96807861328125,101.95381164550781,0.00025,0.0,0.00025,0.00025,10686.919,6362.5903,43139.387,538.53955,-21.702737289040137,34.17493043914964,97.0,-37.025355837204,2.5435501803057505,5.4291082503890085,9.999996662481843,-9.152176576375496
75,2328.0,0.0,0.0,6676.0,6676.0,39.0,3338.0,0.0,-88.0,-88.0,0.0,421.8093719482422,,,,,,,,,237.62964328966643,126.18115307036109,677.8154296875,74.52947998046875,0.00025000000000000006,5.421010862427522e-20,0.00025,0.00025,28845.803,24086.926,121956.23,3106.638,-12.40810288799626,45.55996946304844,99.0,-37.025355837204,2.591183882223383,6.3596178176426665,9.999986479298592,-8.978631305763596
76,2344.0,0.0,0.0,6708.0,6708.0,16.0,3354.0,0.0,27.0,27.0,0.0,425.8621118068695,52.0,52.0,0.0,,,,,,181.1331349690755,49.71552102313994,329.63330078125,123.73417663574219,0.0002500000000000001,1.0842021724855044e-19,0.00025,0.00025,23979.66,11992.275,52926.17,7326.1035,16.78501313385975,55.88147595497637,97.0,-32.173860837203996,2.8731183898174035,6.820941675580986,9.998545346366342,-8.603692745587704
77,2354.0,0.0,0.0,6728.0,6728.0,10.0,3364.0,0.0,63.0,63.0,0.0,428.38895082473755,,,,,,,,,244.08069695366754,95.61362024230777,473.3126220703125,143.42233276367188,0.00025,0.0,0.00025,0.00025,42816.234,19590.318,73161.836,12860.623,50.8417556929587,51.71843132938699,99.0,-27.173860837203996,2.7501252805440606,5.002738193072354,9.9741161285959,-7.984763214369349
78,2367.0,0.0,0.0,6754.0,6754.0,13.0,3377.0,0.0,39.0,39.0,1.0,431.6607675552368,,,,,,,,,212.72901407877603,59.555818213477835,311.0487365722656,147.07437133789062,0.00025000000000000006,5.421010862427522e-20,0.00025,0.00025,17375.252,2588.2273,23056.043,14564.641,28.037785996374467,56.285329977925336,97.0,-32.173860837203996,8.778025378147058,3.3327664180999546,9.999902426231435,-8.81236184940153
79,2442.0,0.0,0.0,6904.0,6904.0,75.0,3452.0,0.0,-400.0,-400.0,0.0,446.06743478775024,,,,,,,,,155.12844394993138,32.03653914855509,264.8517150878906,110.62217712402344,0.00025000000000000006,5.421010862427522e-20,0.00025,0.00025,10282.28,6166.185,24772.146,1440.8545,-34.96922005240361,5.54073961476115,-4.0,-37.025355837204,-0.27956124396918397,4.947108813087659,9.921717638658182,-9.14645271797981
80,2469.0,0.0,0.0,6958.0,6958.0,27.0,3479.0,0.0,-30.0,-30.0,0.0,449.3474051952362,,,,,,,,,160.85470228928787,63.779525622548746,290.165283203125,91.13414001464844,0.00025,0.0,0.00025,0.00025,25248.096,20729.172,74376.38,2509.537,-3.329445573792443,52.10536618905099,99.0,-37.025355837204,2.6328182187173454,5.501293322160209,9.99496566652653,-8.740744267435863
81,2476.0,0.0,0.0,6972.0,6972.0,7.0,3486.0,0.0,70.0,70.0,0.0,450.79609847068787,,,,,,,,,173.91539891560873,48.81714334018787,272.60028076171875,113.44084930419922,0.00025,0.0,0.00025,0.00025,33234.73,18582.668,73187.875,18155.5,82.85559134874272,11.583605492524757,99.0,64.848594551099,0.2631728525084705,4.770747960949036,9.96985081856748,-7.979508625423798
82,2498.0,0.0,0.0,7016.0,7016.0,22.0,3508.0,0.0,-7.0,-7.0,1.0,456.3560965061188,,,,,,,,,226.91209774925596,77.71727080178671,369.453125,112.87715148925781,0.00025000000000000006,5.421010862427522e-20,0.00025,0.00025,45471.453,28550.924,123079.234,12406.649,2.5860144693191813,53.030702632014396,97.0,-37.025355837204,3.9653358305606945,6.392790833838248,9.99999480064085,-8.975421937350411
83,2519.0,0.0,0.0,7058.0,7058.0,21.0,3529.0,0.0,4.0,4.0,0.0,461.584511756897,,,,,,,,,264.49603805541994,87.61106680500387,485.35260009765625,151.7539825439453,0.00025000000000000006,5.421010862427522e-20,0.00025,0.00025,51812.402,36452.004,167745.94,20102.822,6.718227934468476,54.750966908211375,99.0,-37.025355837204,3.7238598806603846,6.8487889206534875,9.999999987504076,-8.799640681188599
84,2541.0,0.0,0.0,7102.0,7102.0,22.0,3551.0,0.0,5.0,5.0,1.0,466.04933166503906,,,,,,,,,249.3761175246466,89.95927883107149,464.3257141113281,123.97055053710938,0.00025000000000000006,5.421010862427522e-20,0.00025,0.00025,41513.55,25058.02,112058.01,6740.257,5.199844308642228,53.49372456065861,99.0,-36.881261584209,0.24120111221000953,6.226578419643317,9.999993969796504,-9.199029544444572
85,2616.0,0.0,0.0,7252.0,7252.0,75.0,3626.0,0.0,-390.0,-390.0,0.0,475.22935009002686,,,,,,,,,238.71942035571948,99.03830634643468,463.91058349609375,107.65473175048828,0.00025000000000000006,5.421010862427522e-20,0.00025,0.00025,28104.37,18513.133,93900.7,5732.279,-33.933398091163475,6.363522839793205,-4.0,-37.025355837204,-0.4841707811002815,6.853598198276892,9.999970044861122,-9.199988220421043
