Episode #,Training Iter,Epoch,In Heatup,ER #Transitions,ER #Episodes,Episode Length,Total steps,Epsilon,Shaped Training Reward,Training Reward,Update Target Network,Wall-Clock Time,Evaluation Reward,Shaped Evaluation Reward,Success Rate,Inverse Propensity Score,Direct Method Reward,Doubly Robust,Weighted Importance Sampling,Sequential Doubly Robust,Loss/Mean,Loss/Stdev,Loss/Max,Loss/Min,Learning Rate/Mean,Learning Rate/Stdev,Learning Rate/Max,Learning Rate/Min,Grads (unclipped)/Mean,Grads (unclipped)/Stdev,Grads (unclipped)/Max,Grads (unclipped)/Min,Discounted Return/Mean,Discounted Return/Stdev,Discounted Return/Max,Discounted Return/Min,Q/Mean,Q/Stdev,Q/Max,Q/Min
1,0.0,0.0,1.0,64.0,64.0,32.0,32.0,0.0,,,0.0,0.030504226684570312,,,,,,,,,,,,,,,,,,,,,-4.0757001934249,69.77372432407243,99.0,-87.85690604622219,,,,
2,0.0,0.0,1.0,214.0,214.0,75.0,107.0,0.0,,,0.0,0.6941144466400146,,,,,,,,,,,,,,,,,,,,,-72.30109187631761,20.87841000637629,-4.0,-88.25192347638995,,,,
3,0.0,0.0,1.0,364.0,364.0,75.0,182.0,0.0,,,0.0,1.2719883918762207,,,,,,,,,,,,,,,,,,,,,-72.3849974679352,18.547302576575497,-9.0,-87.66031062542878,,,,
4,0.0,0.0,1.0,388.0,388.0,12.0,194.0,0.0,,,0.0,1.3999638557434082,,,,,,,,,,,,,,,,,,,,,66.95254162084959,17.893469589500814,97.0,40.36938889444245,,,,
5,0.0,0.0,1.0,448.0,448.0,30.0,224.0,0.0,,,0.0,1.6706912517547607,,,,,,,,,,,,,,,,,,,,,6.835762302641753,67.61875422133315,99.0,-79.23995121277031,,,,
6,0.0,0.0,1.0,598.0,598.0,75.0,299.0,0.0,,,0.0,2.2393198013305664,,,,,,,,,,,,,,,,,,,,,-44.60927269869405,59.483996408540854,99.0,-88.02765575993394,,,,
7,0.0,0.0,1.0,670.0,670.0,36.0,335.0,0.0,,,0.0,2.57717227935791,,,,,,,,,,,,,,,,,,,,,-14.902346591907966,69.88608211783269,97.0,-88.20624761401575,,,,
8,0.0,0.0,1.0,820.0,820.0,75.0,410.0,0.0,,,0.0,3.155906915664673,,,,,,,,,,,,,,,,,,,,,-72.08851310333958,22.260087692985568,-4.0,-88.2089205586579,,,,
9,0.0,0.0,1.0,888.0,888.0,34.0,444.0,0.0,,,0.0,3.4350855350494385,,,,,,,,,,,,,,,,,,,,,-7.7648419317317,69.11292324025031,99.0,-83.59876143268494,,,,
10,0.0,0.0,1.0,1038.0,1038.0,75.0,519.0,0.0,,,0.0,3.9854445457458496,,,,,,,,,,,,,,,,,,,,,-71.11225274792746,20.727959465896937,-4.0,-87.93414104076558,,,,
11,0.0,0.0,1.0,1188.0,1188.0,75.0,594.0,0.0,,,0.0,4.560917854309082,,,,,,,,,,,,,,,,,,,,,-72.7282986077679,21.29329260924872,-4.0,-88.16634767010314,,,,
12,0.0,0.0,1.0,1284.0,1284.0,48.0,642.0,0.0,,,0.0,4.963021516799927,,,,,,,,,,,,,,,,,,,,,-29.53715090590841,65.46655326276269,96.01,-88.25192347638995,,,,
13,0.0,0.0,1.0,1434.0,1434.0,75.0,717.0,0.0,,,0.0,5.519937753677368,,,,,,,,,,,,,,,,,,,,,-72.94320114477897,21.668903838360134,-4.0,-88.25192347638995,,,,
14,0.0,0.0,1.0,1576.0,1576.0,71.0,788.0,0.0,,,0.0,6.107465505599976,,,,,,,,,,,,,,,,,,,,,-49.69319516860167,61.48138189841688,96.01,-92.77658833708733,,,,
15,0.0,0.0,1.0,1726.0,1726.0,75.0,863.0,0.0,,,0.0,6.672374248504639,,,,,,,,,,,,,,,,,,,,,-73.05676281058876,20.589178393229155,-4.0,-92.60009001981936,,,,
16,0.0,0.0,1.0,1730.0,1730.0,2.0,865.0,0.0,,,0.0,6.742048263549805,,,,,,,,,,,,,,,,,,,,,96.505,2.4949999999999974,99.0,94.01,,,,
17,0.0,0.0,1.0,1880.0,1880.0,75.0,940.0,0.0,,,0.0,7.314960241317749,,,,,,,,,,,,,,,,,,,,,-75.50718115944761,21.00623120085162,-4.0,-92.68507046935528,,,,
18,0.0,0.0,1.0,2030.0,2030.0,75.0,1015.0,0.0,,,1.0,7.892199516296387,,,,,,,,,,,,,,,,,,,,,-74.52978794643465,21.690841635286052,-4.0,-92.82135524980026,,,,
19,74.0,0.0,0.0,2180.0,2180.0,75.0,1090.0,0.0,-375.0,-375.0,0.0,29.13715672492981,,,,,,,,,305.2337551632443,69.62729257577152,411.0657653808594,174.50392150878906,0.00025000000000000006,5.421010862427522e-20,0.00025,0.00025,913.6476,999.3524,4539.1055,9.706861,-76.7199615015367,21.264801813922496,-4.0,-97.12472761110878,3.2259038606228785,2.5726026713786507,9.25855813640519,-1.4157790931627592
20,86.0,0.0,0.0,2204.0,2204.0,12.0,1102.0,0.0,38.0,38.0,0.0,32.075443983078,,,,,,,,,257.0914417613636,36.965039467833016,296.91473388671875,160.22689819335938,0.00025000000000000006,5.421010862427522e-20,0.00025,0.00025,593.04285,358.94763,1549.5801,197.85033,64.08129370001625,21.117436028229967,97.0,30.616408844442446,5.244326602796703,1.7383750388069525,9.490488808252849,1.724475922127528
21,161.0,0.0,0.0,2354.0,2354.0,75.0,1177.0,0.0,-410.0,-410.0,1.0,50.319228649139404,,,,,,,,,237.08667404587203,52.911824514788925,331.28521728515625,130.94302368164062,0.00025000000000000006,5.421010862427522e-20,0.00025,0.00025,549.4133,339.5437,1670.9495,136.62128,-83.95256076363042,22.53765195227125,-9.0,-97.12472761110878,5.087658195330261,1.9414735859892398,9.63359013019508,0.596274315545013
22,236.0,0.0,0.0,2504.0,2504.0,75.0,1252.0,0.0,-410.0,-410.0,0.0,60.42604732513428,,,,,,,,,219.34991351978198,46.149867967706896,300.0373840332031,100.6165771484375,0.00025000000000000006,5.421010862427522e-20,0.00025,0.00025,370.27716,192.8451,1012.6928,134.53711,-83.95256076363042,22.53765195227125,-9.0,-97.12472761110878,5.335989788273669,1.8787533552318778,9.69759873791063,0.9504848863929511
23,238.0,0.0,0.0,2508.0,2508.0,2.0,1254.0,0.0,95.0,95.0,0.0,60.687713384628296,,,,,,,,,175.4249267578125,0.0,175.4249267578125,175.4249267578125,0.00025,0.0,0.00025,0.00025,629.7487,0.0,629.7487,629.7487,96.505,2.4949999999999974,99.0,94.01,6.561009916574119,0.9139325471720527,8.21179346562858,4.535085702443888
24,240.0,0.0,0.0,2512.0,2512.0,2.0,1256.0,0.0,95.0,95.0,0.0,60.9924213886261,,,,,,,,,259.39471435546875,0.0,259.39471435546875,259.39471435546875,0.00025,0.0,0.00025,0.00025,725.61597,0.0,725.61597,725.61597,96.505,2.4949999999999974,99.0,94.01,4.029853379795738,0.9313520295897358,7.356975726930655,3.0186728264088742
25,252.0,0.0,0.0,2536.0,2536.0,12.0,1268.0,0.0,50.0,50.0,0.0,62.45827841758728,,,,,,,,,272.90010486949575,13.98915276195957,292.13079833984375,248.2359619140625,0.00025000000000000006,5.421010862427522e-20,0.00025,0.00025,267.74634,153.10669,726.4913,143.42633,71.62040844709573,17.631304997231,99.0,41.82378887509949,4.272650339826989,0.7061864954572609,6.136820045905187,2.1542473152448824
26,327.0,0.0,0.0,2686.0,2686.0,75.0,1343.0,0.0,-380.0,-380.0,0.0,80.52517294883728,,,,,,,,,204.61982500230943,36.1486519965236,290.83087158203125,129.70333862304688,0.00025000000000000006,5.421010862427522e-20,0.00025,0.00025,363.36383,204.62636,1206.2533,120.44399,-78.3166008679863,20.996291903581916,-9.0,-97.12472761110878,5.941561687938352,1.4995936890165276,8.933004188236737,1.4267121338597493
27,329.0,0.0,0.0,2690.0,2690.0,2.0,1345.0,0.0,95.0,95.0,1.0,81.06858944892883,,,,,,,,,188.19082641601562,0.0,188.19082641601562,188.19082641601562,0.00025,0.0,0.00025,0.00025,329.62292,0.0,329.62292,329.62292,96.505,2.4949999999999974,99.0,94.01,5.5423839902393395,1.088106968278106,7.921325104786708,3.688268430405879
28,405.0,0.0,0.0,2840.0,2840.0,75.0,1420.0,0.0,,,0.0,91.03841829299927,,,,,,,,,,,,,,,,,,,,,,,,,4.893957183712249,1.3191176149233106,7.572420733127338,1.5752821544917097
29,445.0,0.0,0.0,2922.0,2922.0,41.0,1461.0,0.0,-91.0,-91.0,0.0,95.79141616821289,-410.0,-410.0,0.0,,,,,,179.35408668518068,32.91938772409992,252.4392547607422,128.99826049804688,0.00025,0.0,0.00025,0.00025,290.7952,148.29047,783.5562,91.37545,-18.630871494076658,66.62383454437439,99.0,-88.56628258034426,6.325293287548819,1.2438739642837844,9.450684427564827,2.6682457645540127
30,447.0,0.0,0.0,2926.0,2926.0,2.0,1463.0,0.0,95.0,95.0,0.0,96.05571627616882,,,,,,,,,217.352783203125,0.0,217.352783203125,217.352783203125,0.00025,0.0,0.00025,0.00025,310.53976,0.0,310.53976,310.53976,96.505,2.4949999999999974,99.0,94.01,4.51908022410642,0.6785424476292089,5.83252434620634,3.209923722676468
31,522.0,0.0,0.0,3076.0,3076.0,75.0,1538.0,0.0,-350.0,-350.0,0.0,114.4590654373169,,,,,,,,,202.57340859078073,45.42533294250048,319.46173095703125,115.39659118652344,0.00025000000000000006,5.421010862427522e-20,0.00025,0.00025,294.04153,154.35767,707.54584,73.33746,-71.6391572283379,21.478786131129006,-4.0,-97.12472761110878,5.641812951894411,1.5881768955238165,9.311491791623295,1.196775518805953
32,597.0,0.0,0.0,3226.0,3226.0,75.0,1613.0,0.0,-370.0,-370.0,1.0,123.51909017562866,,,,,,,,,215.01924968410182,40.84013389336824,285.86492919921875,117.6532974243164,0.00025000000000000006,5.421010862427522e-20,0.00025,0.00025,267.0951,178.41382,1369.4985,63.157597,-77.69226617497311,22.249848437628682,-9.0,-97.12472761110878,4.788845382929372,1.5041765131689717,9.045137649406643,0.6671454821033422
33,672.0,0.0,0.0,3376.0,3376.0,75.0,1688.0,0.0,-360.0,-360.0,1.0,132.68167066574097,,,,,,,,,206.4827880859375,34.92948332523624,282.5899353027344,142.39920043945312,0.00025000000000000006,5.421010862427522e-20,0.00025,0.00025,304.1487,149.79797,687.5548,95.422455,-75.26268402912534,21.25449399264238,-4.0,-97.12472761110878,4.976246155721651,1.4408630779423672,8.756838881884278,1.3180157804483317
34,747.0,0.0,0.0,3526.0,3526.0,75.0,1763.0,0.0,-350.0,-350.0,1.0,141.68242406845093,,,,,,,,,198.4741621275206,31.01695266351236,269.97265625,129.1494140625,0.00025000000000000006,5.421010862427522e-20,0.00025,0.00025,352.9601,189.00523,1050.6857,107.47984,-70.5710376044883,21.74308262000884,-4.0,-92.77835233206821,5.385742801164207,1.2193016982965343,8.30454560613504,0.5697318041131281
35,815.0,0.0,0.0,3662.0,3662.0,68.0,1831.0,0.0,-214.0,-214.0,0.0,150.01827144622803,,,,,,,,,201.7177902904909,25.609627573216514,261.7249755859375,150.44119262695312,0.00025,0.0,0.00025,0.00025,370.027,190.61128,1119.278,149.62386,-44.343129103640514,59.23655082297217,99.0,-88.52106347659382,5.114863852140872,1.453555288771177,8.039499159911248,-0.19782360355129347
36,831.0,0.0,0.0,3694.0,3694.0,16.0,1847.0,0.0,19.0,19.0,1.0,153.71866822242737,,,,,,,,,215.27387593587238,47.8363261247505,281.90716552734375,136.07180786132812,0.0002500000000000001,1.0842021724855044e-19,0.00025,0.00025,408.56854,204.47707,930.4356,207.28296,54.859581682224416,27.71399812253176,99.0,10.325724172569778,4.659158173485278,2.000782211336519,8.46915773859687,0.33364030405355205
37,906.0,0.0,0.0,3844.0,3844.0,75.0,1922.0,0.0,-410.0,-410.0,0.0,169.66953349113464,,,,,,,,,206.13096000052786,37.13040466242735,281.252685546875,130.1299285888672,0.00025000000000000006,5.421010862427522e-20,0.00025,0.00025,306.07578,160.4488,920.9763,98.557365,-83.95256076363042,22.53765195227125,-9.0,-97.12472761110878,5.432359169587738,1.5293532659082072,9.030750243016286,0.951636028339272
38,912.0,0.0,0.0,3854.0,3854.0,75.0,1927.0,0.0,,,0.0,171.0230782032013,,,,,,,,,,,,,,,,,,,,,,,,,5.818716952266323,0.9221633900474332,8.366098586772791,1.6390748960016537
39,931.0,0.0,0.0,3894.0,3894.0,20.0,1947.0,0.0,23.0,23.0,1.0,173.38100957870483,-310.0,-310.0,0.0,,,,,,204.03210208290503,33.081751110681445,262.8210144042969,154.85458374023438,0.00025000000000000006,5.421010862427522e-20,0.00025,0.00025,765.20966,430.7998,1779.4669,255.15953,50.232656006922824,36.80446066826225,99.0,-69.53255046576528,4.22027604712463,2.3669851306426635,8.99611520123431,-2.6354170568546684
40,1006.0,0.0,0.0,4044.0,4044.0,75.0,2022.0,0.0,-405.0,-405.0,0.0,182.62163972854614,,,,,,,,,200.92241606841216,41.061259623996925,299.07916259765625,112.4698486328125,0.00025000000000000006,5.421010862427522e-20,0.00025,0.00025,355.59085,241.59685,1265.1296,105.38203,-82.79368492253433,23.411455476218304,-4.0,-97.12472761110878,5.583534700812865,1.5312269591514585,9.22850345726044,0.5888997412272148
41,1081.0,0.0,0.0,4194.0,4194.0,75.0,2097.0,0.0,-330.0,-330.0,1.0,200.76798105239868,,,,,,,,,189.6898383063239,23.05899077384321,240.10276794433594,135.17877197265625,0.00025000000000000006,5.421010862427522e-20,0.00025,0.00025,558.70056,437.7675,2282.4155,142.81969,-66.39431311628364,17.920862204951142,-4.0,-83.7277745296102,5.241475486384672,1.7348336521824528,8.867468910878438,-2.864643781165608
42,1156.0,0.0,0.0,4344.0,4344.0,75.0,2172.0,0.0,-380.0,-380.0,0.0,211.04797744750977,,,,,,,,,196.33596430598078,36.819840685378,268.3270263671875,134.7950439453125,0.00025000000000000006,5.421010862427522e-20,0.00025,0.00025,580.08057,482.24792,2339.276,142.65207,-76.99930571705387,21.797953721157516,-4.0,-97.12472761110878,5.286574601080471,2.2149477997579323,9.255013985454694,-2.1902670975477285
43,1165.0,0.0,0.0,4362.0,4362.0,9.0,2181.0,0.0,57.0,57.0,1.0,212.1675832271576,,,,,,,,,152.7763900756836,18.858799198119307,183.3765869140625,127.95704650878906,0.00025,0.0,0.00025,0.00025,735.79474,138.96083,946.88275,467.52356,75.67048616847991,16.083178250199186,99.0,50.696622469532116,6.075769683512398,1.239008778606999,8.5568893480303,1.5777118030468817
44,1240.0,0.0,0.0,4512.0,4512.0,75.0,2256.0,0.0,-370.0,-370.0,0.0,221.4307518005371,,,,,,,,,201.3194114066459,41.66048142043081,298.5922546386719,117.25148010253906,0.00025000000000000006,5.421010862427522e-20,0.00025,0.00025,656.572,622.7845,3636.9023,136.41006,-75.55006623389167,21.67398343284535,-4.0,-97.12472761110878,4.846372945873578,2.233395522224412,9.450211233788774,-4.157495129968471
45,1242.0,0.0,0.0,4516.0,4516.0,2.0,2258.0,0.0,95.0,95.0,0.0,221.7022545337677,,,,,,,,,158.72828674316406,0.0,158.72828674316406,158.72828674316406,0.00025,0.0,0.00025,0.00025,478.91663,0.0,478.91663,478.91663,96.505,2.4949999999999974,99.0,94.01,5.665097444037541,0.9380822570524994,7.800425166190068,2.178987889772953
46,1317.0,0.0,0.0,4666.0,4666.0,75.0,2333.0,0.0,-350.0,-350.0,0.0,239.03451800346375,,,,,,,,,195.91144118437896,52.25623578916699,320.0042724609375,110.29061889648438,0.00025000000000000006,5.421010862427522e-20,0.00025,0.00025,1266.0277,1417.1509,6824.8433,126.05755,-70.9802443429219,21.4270699839622,-4.0,-97.12472761110878,5.326142699423039,2.653478929260018,9.39863902878731,-6.771645842180757
47,1319.0,0.0,0.0,4670.0,4670.0,2.0,2335.0,0.0,95.0,95.0,0.0,239.30492281913757,,,,,,,,,185.24432373046875,0.0,185.24432373046875,185.24432373046875,0.00025,0.0,0.00025,0.00025,884.93054,0.0,884.93054,884.93054,96.505,2.4949999999999974,99.0,94.01,5.7441957375646195,1.2651245879430537,7.695756646076307,2.999901349670358
48,1395.0,0.0,0.0,4820.0,4820.0,2.0,2410.0,0.0,,,0.0,248.70925569534302,,,,,,,,,,,,,,,,,,,,,,,,,5.5969368829649815,0.9008749311508889,7.326928543809463,4.437920061276034
49,1469.0,0.0,0.0,4970.0,4970.0,75.0,2485.0,0.0,-350.0,-350.0,1.0,259.35724329948425,95.0,95.0,0.0,,,,,,227.0640845427642,88.50275991310599,385.0158386230469,92.7152328491211,0.00025000000000000006,5.421010862427522e-20,0.00025,0.00025,2137.0493,2321.098,9475.704,210.7231,-70.10281452188366,18.047779214944498,-9.0,-92.8665743535507,3.9594898638730744,3.9484684198738464,9.997095746412997,-7.982612120443692
50,1544.0,0.0,0.0,5120.0,5120.0,75.0,2560.0,0.0,-380.0,-380.0,0.0,268.51972937583923,,,,,,,,,210.58873810639253,23.586621702713785,266.2113952636719,155.29507446289062,0.00025000000000000006,5.421010862427522e-20,0.00025,0.00025,822.04584,441.71582,2316.58,267.67615,-76.99930571705387,25.81063381137051,-4.0,-97.12472761110878,4.275119107661112,2.1637609977402157,8.685015407348189,-3.447984406843477
51,1619.0,0.0,0.0,5270.0,5270.0,75.0,2635.0,0.0,-345.0,-345.0,0.0,285.05056524276733,,,,,,,,,206.8515577574034,50.70571732550042,301.3949890136719,80.69317626953125,0.00025000000000000006,5.421010862427522e-20,0.00025,0.00025,1666.0902,2357.7817,14914.824,166.63849,-70.05386917093163,18.931425319233202,-4.0,-92.55395278509796,4.504499812744206,3.0991705166184915,9.97338684577174,-6.700674052451941
52,1694.0,0.0,0.0,5420.0,5420.0,75.0,2710.0,0.0,-370.0,-370.0,1.0,294.00069212913513,,,,,,,,,196.36794982085357,30.23999144323285,259.909912109375,121.0494384765625,0.00025000000000000006,5.421010862427522e-20,0.00025,0.00025,1063.612,1077.1348,6389.1714,225.42336,-74.68155403486172,21.034963722396746,-4.0,-97.12472761110878,4.697451148325144,2.3309156196842644,9.384340693197306,-3.9172455329289226
53,1725.0,0.0,0.0,5482.0,5482.0,31.0,2741.0,0.0,-41.0,-41.0,0.0,297.76252460479736,,,,,,,,,178.92987823486328,38.94336719461718,268.2481384277344,128.92001342773438,0.00025000000000000006,5.421010862427522e-20,0.00025,0.00025,3015.723,2178.1658,9478.815,473.55878,3.3964886956426845,69.7623328317234,99.0,-88.56628258034426,3.9919226752956067,3.7076335378595813,9.75771830872039,-7.04032374600683
54,1744.0,0.0,0.0,5520.0,5520.0,19.0,2760.0,0.0,0.0,0.0,1.0,300.08226776123047,,,,,,,,,159.05701361762152,55.60408105092229,253.28207397460938,88.04411315917969,0.00025,0.0,0.00025,0.00025,1494.3583,888.0772,3297.6147,356.614,43.71812449835062,32.31742784922098,97.0,-8.390347125946093,7.052101506586766,3.001087646490273,9.960344764221265,-3.208894458636833
55,1819.0,0.0,0.0,5670.0,5670.0,75.0,2835.0,0.0,-380.0,-380.0,0.0,312.37103843688965,,,,,,,,,215.02733199660844,35.28409427850182,289.01361083984375,132.25938415527344,0.00025000000000000006,5.421010862427522e-20,0.00025,0.00025,548.7338,285.6412,1382.4058,163.19688,-78.40785712225986,22.353951383401373,-4.0,-97.12472761110878,4.6086170007983975,2.2446990383514707,9.146809761534502,-2.799102706950954
56,1894.0,0.0,0.0,5820.0,5820.0,75.0,2910.0,0.0,-325.0,-325.0,1.0,329.9231159687042,,,,,,,,,180.88222751101932,24.4666224057763,261.623046875,121.51530456542969,0.00025000000000000006,5.421010862427522e-20,0.00025,0.00025,1536.9454,1554.7643,7426.74,236.50186,-65.59553627020287,19.783470336153364,-4.0,-83.8550869526835,5.392058118145708,3.1718842648293553,9.796756739588698,-7.745260786322333
57,1916.0,0.0,0.0,5864.0,5864.0,22.0,2932.0,0.0,-6.0,-6.0,0.0,335.43891429901123,,,,,,,,,163.51372891380674,34.11617139771446,234.9625701904297,121.02604675292969,0.00025000000000000006,5.421010862427522e-20,0.00025,0.00025,2004.7788,1269.0089,4830.599,441.01947,27.896120504275892,54.435068247269214,98.0,-87.72807338708733,3.5510701051618416,3.9491992123641095,9.449723653253663,-7.644999303224821
58,1992.0,0.0,0.0,6014.0,6014.0,75.0,3007.0,0.0,,,0.0,350.4055378437042,,,,,,,,,,,,,,,,,,,,,,,,,7.439878074728252,0.9368052542536387,9.030332390720375,4.204678700930832
59,2066.0,0.0,0.0,6164.0,6164.0,75.0,3082.0,0.0,-355.0,-355.0,1.0,359.28712821006775,-400.0,-400.0,0.0,,,,,,211.14025219066724,68.13730884915572,350.4686279296875,112.46371459960938,0.00025000000000000006,5.421010862427522e-20,0.00025,0.00025,2094.4216,2134.0325,8833.446,209.12714,-71.20492651157345,20.86295221059744,-4.0,-97.12472761110878,4.2514279643129225,4.258809897698016,9.808451713072936,-8.104107809136098
60,2069.0,0.0,0.0,6170.0,6170.0,3.0,3085.0,0.0,91.0,91.0,0.0,359.67252349853516,,,,,,,,,201.90467834472656,4.7207183837890625,206.62539672851562,197.1839599609375,0.00025,0.0,0.00025,0.00025,608.8052,48.83487,657.64,559.9703,94.02663333333334,4.053963410732211,99.0,89.0699,4.741148117884646,2.0652326336386144,8.246300064340947,0.011990296810148848
61,2071.0,0.0,0.0,6174.0,6174.0,2.0,3087.0,0.0,95.0,95.0,1.0,359.9684946537018,,,,,,,,,177.51573181152344,0.0,177.51573181152344,177.51573181152344,0.00025,0.0,0.00025,0.00025,816.0827,0.0,816.0827,816.0827,96.505,2.4949999999999974,99.0,94.01,5.213345838526658,1.8783292438591206,7.638804846379894,-0.2530271016491783
62,2146.0,0.0,0.0,6324.0,6324.0,75.0,3162.0,0.0,-350.0,-350.0,1.0,377.9792380332947,,,,,,,,,189.99894425675674,31.8092724175943,249.8251953125,122.943359375,0.00025000000000000006,5.421010862427522e-20,0.00025,0.00025,1484.4105,989.077,4868.7173,346.9353,-70.3346384601526,20.533639415133702,-4.0,-88.47446020919848,4.5890767237638155,3.2728534148851676,9.69953496002945,-6.924444235842757
63,2221.0,0.0,0.0,6474.0,6474.0,75.0,3237.0,0.0,-350.0,-350.0,0.0,391.8831157684326,,,,,,,,,186.953636994233,38.4289289151805,266.0615539550781,111.57671356201172,0.00025000000000000006,5.421010862427522e-20,0.00025,0.00025,2867.5898,2658.0442,11364.818,273.19263,-70.9287846061958,20.4585544256266,-4.0,-87.84594574602983,4.763683280526021,3.6357290619796387,9.998087592421857,-7.886105639716262
64,2225.0,0.0,0.0,6482.0,6482.0,4.0,3241.0,0.0,87.0,87.0,0.0,392.3845462799072,,,,,,,,,185.16515096028647,14.411229825169555,196.24549865722656,164.81130981445312,0.00025,0.0,0.00025,0.00025,1428.7013,466.36978,1962.4517,826.29065,91.56477525,5.523422867125757,99.0,84.17920099999999,5.539575986733471,2.438901702464962,9.100408767419523,-1.3707524845726873
65,2233.0,0.0,0.0,6498.0,6498.0,8.0,3249.0,0.0,66.0,66.0,0.0,393.37398195266724,,,,,,,,,130.543461390904,12.487760581674422,155.73867797851562,117.58598327636719,0.00025,0.0,0.00025,0.00025,1390.0336,560.712,2457.3904,775.8095,80.02365600584838,13.173702258096698,99.0,60.200108605588,6.5720437136109275,3.123389322586678,9.726771906341742,-4.648670934587703
66,2245.0,0.0,0.0,6522.0,6522.0,12.0,3261.0,0.0,43.0,43.0,1.0,395.9793803691864,,,,,,,,,193.1915949041193,19.513191372354683,216.8457489013672,160.96168518066406,0.00025000000000000006,5.421010862427522e-20,0.00025,0.00025,4810.461,1940.5137,8712.785,2201.8708,66.48783747182246,19.99229970024662,97.0,35.37521161957706,-1.1466368154743083,3.7726198715536663,9.22188125858515,-7.745791433739349
67,2320.0,0.0,0.0,6672.0,6672.0,75.0,3336.0,0.0,-335.0,-335.0,0.0,413.52508330345154,,,,,,,,,196.55090084591427,32.26070607861592,270.2598876953125,131.4519500732422,0.00025000000000000006,5.421010862427522e-20,0.00025,0.00025,1721.7928,1338.6506,7292.6724,528.5914,-67.94521969965477,17.746783262307957,-4.0,-88.38537405289973,4.825980011847649,3.541975476824588,9.770317680560042,-6.314460322030003
68,2343.0,0.0,0.0,6716.0,6716.0,75.0,3358.0,0.0,,,0.0,420.2009997367859,,,,,,,,,,,,,,,,,,,,,,,,,-5.904637007852808,3.374031672190689,7.205910873348604,-8.006680893309492
69,2374.0,0.0,0.0,6780.0,6780.0,32.0,3390.0,0.0,-60.0,-60.0,1.0,424.7542700767517,-395.0,-395.0,0.0,,,,,,212.76348975396925,54.22517528779378,305.7577209472656,130.69720458984375,0.00025000000000000006,5.421010862427522e-20,0.00025,0.00025,3866.6504,3488.1223,12472.286,361.06363,-6.635746609931799,73.39163808703269,99.0,-97.12472761110878,2.4504553986063353,5.05161821702632,9.766128704296184,-7.98948882337643
70,2449.0,0.0,0.0,6930.0,6930.0,75.0,3465.0,0.0,-395.0,-395.0,0.0,433.8666808605194,,,,,,,,,194.83736698047534,32.38340965654602,277.11553955078125,120.7774887084961,0.00025000000000000006,5.421010862427522e-20,0.00025,0.00025,918.5865,494.42035,2627.2607,310.91278,-81.79061259290242,21.88447958147385,-9.0,-97.12472761110878,5.032102845962475,2.952914575777219,9.3324596606267,-5.423833721024618
71,2454.0,0.0,0.0,6940.0,6940.0,5.0,3470.0,0.0,83.0,83.0,1.0,434.8164439201355,,,,,,,,,173.36202239990234,12.42203126375287,186.32818603515625,153.99127197265625,0.00025,0.0,0.00025,0.00025,1194.4377,364.6181,1790.1465,879.26733,89.119301998,6.951828381099465,99.0,79.33740899,4.260116166805829,4.029609062269826,9.761415988716777,-4.709414782808161
72,2529.0,0.0,0.0,7090.0,7090.0,75.0,3545.0,0.0,-365.0,-365.0,0.0,451.97290778160095,,,,,,,,,171.85428206985063,37.00538349740645,243.43426513671875,102.81053161621094,0.00025000000000000006,5.421010862427522e-20,0.00025,0.00025,3099.0295,2477.5132,11552.154,328.51187,-74.30385640772997,24.57180116328258,-4.0,-97.12472761110878,5.197081596996579,4.130563480087381,9.97662661104555,-7.945091650003754
73,2586.0,0.0,0.0,7204.0,7204.0,57.0,3602.0,0.0,-170.0,-170.0,1.0,458.4967894554138,,,,,,,,,176.34904752458846,51.01124147356467,319.19219970703125,93.45155334472656,0.00025,0.0,0.00025,0.00025,4648.1504,4267.1562,24649.736,559.24133,-39.848211975181,65.88162845992076,99.0,-88.38537405289973,5.230996326780938,4.437435751829025,9.994176839070352,-8.395277997562536
74,2661.0,0.0,0.0,7354.0,7354.0,75.0,3677.0,0.0,-385.0,-385.0,1.0,467.33761715888977,,,,,,,,,169.227998063371,24.509660363310037,226.23162841796875,113.51509094238281,0.00025000000000000006,5.421010862427522e-20,0.00025,0.00025,2044.6459,1112.3646,5303.009,380.46378,-79.11559853702386,24.738406746974707,-4.0,-97.12472761110878,4.910627594131469,3.822606535013907,9.824590620996482,-6.9136944857578975
75,2736.0,0.0,0.0,7504.0,7504.0,75.0,3752.0,0.0,-370.0,-370.0,0.0,476.18946170806885,,,,,,,,,195.9642148404508,52.66419267848667,312.472412109375,91.9211196899414,0.00025000000000000006,5.421010862427522e-20,0.00025,0.00025,4834.408,3943.8647,21845.834,417.593,-75.92991151666739,20.062720463887405,-4.0,-97.12472761110878,3.725122437304992,5.191363083769923,9.999949404824134,-7.981303005590486
