Episode #,Training Iter,Epoch,In Heatup,ER #Transitions,ER #Episodes,Episode Length,Total steps,Epsilon,Shaped Training Reward,Training Reward,Update Target Network,Wall-Clock Time,Evaluation Reward,Shaped Evaluation Reward,Success Rate,Inverse Propensity Score,Direct Method Reward,Doubly Robust,Weighted Importance Sampling,Sequential Doubly Robust,Loss/Mean,Loss/Stdev,Loss/Max,Loss/Min,Learning Rate/Mean,Learning Rate/Stdev,Learning Rate/Max,Learning Rate/Min,Grads (unclipped)/Mean,Grads (unclipped)/Stdev,Grads (unclipped)/Max,Grads (unclipped)/Min,Discounted Return/Mean,Discounted Return/Stdev,Discounted Return/Max,Discounted Return/Min,Q/Mean,Q/Stdev,Q/Max,Q/Min
1,0.0,0.0,1.0,150.0,150.0,75.0,75.0,0.0,,,0.0,0.036910057067871094,,,,,,,,,,,,,,,,,,,,,-47.00300881598786,10.53706690938358,-4.0,-60.89843041109239,,,,
2,0.0,0.0,1.0,300.0,300.0,75.0,150.0,0.0,,,0.0,0.7047297954559326,,,,,,,,,,,,,,,,,,,,,-48.33315875920498,11.280601217437228,-4.0,-56.32991676865303,,,,
3,0.0,0.0,1.0,450.0,450.0,75.0,225.0,0.0,,,0.0,1.2915153503417969,,,,,,,,,,,,,,,,,,,,,-44.590573946329364,10.427057227202356,-4.0,-56.18958872155744,,,,
4,0.0,0.0,1.0,502.0,502.0,26.0,251.0,0.0,,,0.0,1.539020299911499,,,,,,,,,,,,,,,,,,,,,3.078418934656327,60.195521868804285,99.0,-51.47842176865302,,,,
5,0.0,0.0,1.0,514.0,514.0,6.0,257.0,0.0,,,0.0,1.633697271347046,,,,,,,,,,,,,,,,,,,,,86.69009081501667,8.353358589486014,99.0,74.5440349001,,,,
6,0.0,0.0,1.0,664.0,664.0,75.0,332.0,0.0,,,0.0,2.2215287685394287,,,,,,,,,,,,,,,,,,,,,-46.744710010987276,10.634160615351325,-4.0,-56.37652003604837,,,,
7,0.0,0.0,1.0,670.0,670.0,3.0,335.0,0.0,,,0.0,2.2912259101867676,,,,,,,,,,,,,,,,,,,,,94.02663333333334,4.053963410732211,99.0,89.0699,,,,
8,0.0,0.0,1.0,764.0,764.0,47.0,382.0,0.0,,,0.0,2.67669415473938,,,,,,,,,,,,,,,,,,,,,-22.685949249286466,53.38049226386644,99.0,-56.235264583931624,,,,
9,0.0,0.0,1.0,788.0,788.0,12.0,394.0,0.0,,,0.0,2.8153138160705566,,,,,,,,,,,,,,,,,,,,,58.88605739892497,37.21002921473293,97.0,-51.428421768653024,,,,
10,0.0,0.0,1.0,938.0,938.0,75.0,469.0,0.0,,,0.0,3.4206349849700928,,,,,,,,,,,,,,,,,,,,,-45.54217887277075,10.152133465583704,-4.0,-56.37652003604837,,,,
11,0.0,0.0,1.0,1088.0,1088.0,75.0,544.0,0.0,,,0.0,4.030825853347778,,,,,,,,,,,,,,,,,,,,,-47.45590649660793,9.841524567366353,-4.0,-56.32991676865303,,,,
12,0.0,0.0,1.0,1094.0,1094.0,3.0,547.0,0.0,,,0.0,4.104546308517456,,,,,,,,,,,,,,,,,,,,,94.02663333333334,4.053963410732211,99.0,89.0699,,,,
13,0.0,0.0,1.0,1102.0,1102.0,4.0,551.0,0.0,,,0.0,4.184048175811768,,,,,,,,,,,,,,,,,,,,,91.56477525,5.523422867125757,99.0,84.17920099999999,,,,
14,0.0,0.0,1.0,1252.0,1252.0,75.0,626.0,0.0,,,0.0,4.797925233840942,,,,,,,,,,,,,,,,,,,,,-46.62229254819317,11.128443865407899,-4.0,-56.32991676865303,,,,
15,0.0,0.0,1.0,1256.0,1256.0,2.0,628.0,0.0,,,0.0,4.861550569534302,,,,,,,,,,,,,,,,,,,,,96.505,2.4949999999999974,99.0,94.01,,,,
16,0.0,0.0,1.0,1260.0,1260.0,2.0,630.0,0.0,,,0.0,4.925103664398193,,,,,,,,,,,,,,,,,,,,,96.505,2.4949999999999974,99.0,94.01,,,,
17,0.0,0.0,1.0,1392.0,1392.0,66.0,696.0,0.0,,,0.0,5.487576484680176,,,,,,,,,,,,,,,,,,,,,-28.29069322819603,43.79386449926095,97.0,-51.66767834651342,,,,
18,0.0,0.0,1.0,1398.0,1398.0,3.0,699.0,0.0,,,0.0,5.5648956298828125,,,,,,,,,,,,,,,,,,,,,94.02663333333334,4.053963410732211,99.0,89.0699,,,,
19,0.0,0.0,1.0,1548.0,1548.0,75.0,774.0,0.0,,,0.0,6.3760998249053955,,,,,,,,,,,,,,,,,,,,,-44.651475096161604,9.889950901342097,-4.0,-51.716193296513424,,,,
20,0.0,0.0,1.0,1698.0,1698.0,75.0,849.0,0.0,,,0.0,6.979170560836792,,,,,,,,,,,,,,,,,,,,,-46.683808861155036,11.114759207256688,-4.0,-60.89843041109239,,,,
21,0.0,0.0,1.0,1704.0,1704.0,3.0,852.0,0.0,,,0.0,7.050368547439575,,,,,,,,,,,,,,,,,,,,,94.02663333333334,4.053963410732211,99.0,89.0699,,,,
22,0.0,0.0,1.0,1712.0,1712.0,4.0,856.0,0.0,,,0.0,7.129754543304443,,,,,,,,,,,,,,,,,,,,,91.56477525,5.523422867125757,99.0,84.17920099999999,,,,
23,0.0,0.0,1.0,1862.0,1862.0,75.0,931.0,0.0,,,0.0,7.732359170913696,,,,,,,,,,,,,,,,,,,,,-47.96214678826309,11.34452722486941,-4.0,-60.89843041109239,,,,
24,0.0,0.0,1.0,1910.0,1910.0,24.0,955.0,0.0,,,0.0,7.956233739852905,,,,,,,,,,,,,,,,,,,,,4.425305474937232,63.37528729107475,99.0,-56.28377953393162,,,,
25,0.0,0.0,1.0,1934.0,1934.0,12.0,967.0,0.0,,,0.0,8.092072248458862,,,,,,,,,,,,,,,,,,,,,62.19178659529465,38.33691197453565,99.0,-51.61767834651342,,,,
26,0.0,0.0,1.0,1990.0,1990.0,28.0,995.0,0.0,,,0.0,8.350298881530762,,,,,,,,,,,,,,,,,,,,,0.1928211543035694,60.77827663450335,99.0,-51.52502503604837,,,,
27,0.0,0.0,1.0,2140.0,2140.0,75.0,1070.0,0.0,,,1.0,8.960120677947998,,,,,,,,,,,,,,,,,,,,,-45.74771858527125,10.77003145989528,-4.0,-56.37652003604837,,,,
28,4.0,0.0,0.0,2150.0,2150.0,5.0,1075.0,0.0,83.0,83.0,0.0,12.294130563735962,,,,,,,,,388.19671630859375,8.414339576096676,400.8087463378906,377.46453857421875,0.00025,0.0,0.00025,0.00025,11.125723,2.9763465,16.049828,8.419151,89.119301998,6.951828381099465,99.0,79.33740899,0.017835907222631286,0.01394708316095124,0.05376571880240322,-0.015232776850461288
29,7.0,0.0,0.0,2156.0,2156.0,3.0,1078.0,0.0,91.0,91.0,0.0,13.100764274597168,,,,,,,,,398.16644287109375,2.054443359375,400.22088623046875,396.11199951171875,0.00025,0.0,0.00025,0.00025,27.984222,0.35049152,28.334713,27.63373,94.02663333333334,4.053963410732211,99.0,89.0699,0.06714305733175269,0.03805356876432087,0.20303623130787818,0.020289018750191207
30,82.0,0.0,0.0,2306.0,2306.0,75.0,1153.0,0.0,-385.0,-385.0,0.0,30.932013511657715,,,,,,,,,241.02394423613677,82.07601976233882,396.9151611328125,66.81399536132812,0.00025000000000000006,5.421010862427522e-20,0.00025,0.00025,1070.2775,1181.9193,5323.64,60.333157,-50.991471978972534,11.483002559486756,-4.0,-60.89843041109239,4.0652914970471645,2.905490119719877,9.585191525036139,-4.450670806312701
31,155.0,0.0,0.0,2452.0,2452.0,73.0,1226.0,0.0,-290.0,-290.0,1.0,48.98523545265198,,,,,,,,,138.03219328986273,27.478051030507068,199.92352294921875,84.12374877929688,0.00025,0.0,0.00025,0.00025,758.6862,581.23285,3544.1519,63.46448,-37.681884199684944,45.90233310046435,98.0,-60.89843041109239,4.2283011363493435,2.975925392532661,9.065670147753554,-5.664083631680113
32,230.0,0.0,0.0,2602.0,2602.0,75.0,1301.0,0.0,-385.0,-385.0,0.0,58.49512505531311,,,,,,,,,121.24138445467563,22.344141947783864,172.73089599609375,80.09260559082031,0.00025000000000000006,5.421010862427522e-20,0.00025,0.00025,604.8877,419.09717,1761.9193,100.77698,-49.934188414922595,10.262437695874102,-9.0,-60.89843041109239,5.692468762264242,1.882588904152162,9.453128466024296,-1.5252646874243512
33,232.0,0.0,0.0,2606.0,2606.0,2.0,1303.0,0.0,95.0,95.0,1.0,58.767980337142944,,,,,,,,,140.22906494140625,0.0,140.22906494140625,140.22906494140625,0.00025,0.0,0.00025,0.00025,332.7734,0.0,332.7734,332.7734,96.505,2.4949999999999974,99.0,94.01,5.63840361336497,0.8740626820410622,7.322079888166627,2.4794517746612756
34,307.0,0.0,0.0,2756.0,2756.0,75.0,1378.0,0.0,-380.0,-380.0,0.0,68.04292178153992,,,,,,,,,136.62805825310784,37.27473682000545,220.8033905029297,67.9962158203125,0.00025000000000000006,5.421010862427522e-20,0.00025,0.00025,514.06494,329.31332,1729.8138,78.94875,-49.23644344331403,11.387148438608003,-4.0,-60.89843041109239,4.558629237720906,2.863720072822427,9.703879361968978,-3.685797450942961
35,382.0,0.0,0.0,2906.0,2906.0,75.0,1453.0,0.0,-360.0,-360.0,0.0,77.39550447463989,,,,,,,,,137.17722815436287,27.527243401976044,195.76345825195312,79.40662384033203,0.00025000000000000006,5.421010862427522e-20,0.00025,0.00025,445.0907,261.92294,1306.1685,90.78519,-46.569764043372054,11.043688211083907,-4.0,-60.89843041109239,3.9869183781524233,2.343940868430545,9.349470327002765,-2.5064922284916973
36,417.0,0.0,0.0,2976.0,2976.0,35.0,1488.0,0.0,-84.0,-84.0,0.0,86.19886207580566,,,,,,,,,142.2763375674977,40.60888634140515,252.7626953125,73.21324157714844,0.00025,0.0,0.00025,0.00025,503.06616,339.96567,1524.4904,112.653,-16.99273098018742,58.75895134432979,97.0,-60.89843041109239,3.2068016035655926,3.569806482846699,9.382685481146655,-3.18906764153071
37,493.0,0.0,0.0,3126.0,3126.0,75.0,1563.0,0.0,,,0.0,103.09591841697693,,,,,,,,,,,,,,,,,,,,,,,,,6.297028655775161,1.1834999191492666,8.489297425309568,1.386851243137246
38,497.0,0.0,0.0,3136.0,3136.0,5.0,1568.0,0.0,76.0,76.0,1.0,103.65907907485962,-405.0,-405.0,0.0,,,,,,103.31742286682129,4.070826193887929,107.97918701171875,97.24513244628906,0.00025,0.0,0.00025,0.00025,447.8642,177.44157,742.24805,295.20285,85.16890399399999,9.1111370501028,97.0,72.46621696999999,5.258899685187184,1.1456019644679696,7.90076853277316,2.3213505460487363
39,572.0,0.0,0.0,3286.0,3286.0,75.0,1643.0,0.0,-380.0,-380.0,1.0,112.81063914299011,,,,,,,,,129.87451336834883,19.990483565292777,170.91128540039062,84.2054672241211,0.00025000000000000006,5.421010862427522e-20,0.00025,0.00025,492.79736,322.12598,1584.6968,92.56781,-50.293727007363984,11.535264225756974,-4.0,-60.89843041109239,4.518620773288206,1.778585595863527,8.915389543517989,-3.323129871379342
40,647.0,0.0,0.0,3436.0,3436.0,75.0,1718.0,0.0,-355.0,-355.0,0.0,121.97444343566895,,,,,,,,,128.38950172630516,18.170636583017956,166.85787963867188,84.88436889648438,0.00025000000000000006,5.421010862427522e-20,0.00025,0.00025,482.83075,396.44302,2762.0894,49.329334,-46.37619622687314,10.948770684537132,-4.0,-60.89843041109239,4.202372994821598,2.032984158277386,9.185931438047085,-2.3078268463118548
41,722.0,0.0,0.0,3586.0,3586.0,75.0,1793.0,0.0,-340.0,-340.0,0.0,140.08639812469482,,,,,,,,,126.94819403983452,24.305059890720543,182.88027954101562,78.10617065429688,0.00025000000000000006,5.421010862427522e-20,0.00025,0.00025,532.3972,466.9877,2450.4927,56.83159,-43.65448367044558,9.443627167130725,-4.0,-60.89843041109239,4.659347999280145,2.1870798991300333,8.948210976867397,-1.7176701541139199
42,797.0,0.0,0.0,3736.0,3736.0,75.0,1868.0,0.0,-345.0,-345.0,1.0,150.20199251174927,,,,,,,,,135.06565990963497,28.527289350177846,208.34768676757812,77.26753234863281,0.00025000000000000006,5.421010862427522e-20,0.00025,0.00025,709.41846,861.6455,4110.708,75.304955,-44.35222864205413,10.677786687781406,-4.0,-60.89843041109239,3.8634979583316795,2.664016545841929,9.478588981003353,-5.219002532739817
43,843.0,0.0,0.0,3828.0,3828.0,46.0,1914.0,0.0,-111.0,-111.0,1.0,155.8552587032318,,,,,,,,,125.20763261583116,29.325107731035075,169.08782958984375,62.392723083496094,0.00025,0.0,0.00025,0.00025,1145.9425,1288.0435,7054.421,138.76114,-19.072441256696198,53.31975357479195,99.0,-60.89843041109239,3.406702061104761,3.5413976987433013,9.778041824639159,-4.346155781849166
44,918.0,0.0,0.0,3978.0,3978.0,75.0,1989.0,0.0,-390.0,-390.0,0.0,165.11952948570251,,,,,,,,,120.0944136542243,14.441443620888371,149.4375,86.34326171875,0.00025000000000000006,5.421010862427522e-20,0.00025,0.00025,664.5172,434.1501,2059.1,65.78135,-50.63193338653115,11.718271045202908,-4.0,-60.89843041109239,4.240300984141592,2.491419263172432,9.263276450514127,-5.81440887143426
45,928.0,0.0,0.0,3998.0,3998.0,10.0,1999.0,0.0,52.0,52.0,0.0,166.35686349868774,,,,,,,,,112.61886681450738,19.203620431263115,143.60043334960938,88.14156341552734,0.00025,0.0,0.00025,0.00025,1399.8813,1003.6277,3273.138,451.9696,72.73176895115363,17.305062053292037,98.0,45.178609196853145,4.19009886515194,2.901031114544295,8.351484485006603,-5.177994621544875
46,1003.0,0.0,0.0,4148.0,4148.0,75.0,2074.0,0.0,-310.0,-310.0,0.0,184.62914443016052,,,,,,,,,125.83212878253009,26.23211815677729,178.710693359375,54.03422546386719,0.00025000000000000006,5.421010862427522e-20,0.00025,0.00025,1172.2435,1472.8798,8009.783,91.67965,-39.9602190999023,8.507666485019513,-4.0,-46.86469829651342,3.8873859230603913,3.3188667990332257,9.955081776373568,-7.5256374398691745
47,1006.0,0.0,0.0,4152.0,4152.0,75.0,2076.0,0.0,,,0.0,186.6851134300232,,,,,,,,,,,,,,,,,,,,,,,,,6.233547297904632,1.163405749970639,8.814311706534115,2.73654443153382
48,1080.0,0.0,0.0,4302.0,4302.0,75.0,2151.0,0.0,-400.0,-400.0,1.0,197.14747762680054,-410.0,-410.0,0.0,,,,,,130.61567430238466,31.45520096144842,186.35426330566406,76.88236236572266,0.00025000000000000006,5.421010862427522e-20,0.00025,0.00025,1195.8145,1321.426,8532.774,84.71975,-52.02742332974826,10.902880337784126,-4.0,-60.89843041109239,3.4673801306649774,4.063357345388336,9.868644386126261,-5.976662703878065
49,1155.0,0.0,0.0,4452.0,4452.0,75.0,2226.0,0.0,-405.0,-405.0,0.0,206.0774118900299,,,,,,,,,118.686428585568,18.959696751351796,173.5018768310547,62.256263732910156,0.00025000000000000006,5.421010862427522e-20,0.00025,0.00025,1016.453,1258.1298,6687.965,77.724266,-52.72516830135682,10.45048873889352,-9.0,-60.89843041109239,3.95469158764344,3.744335186733853,9.833930322590357,-6.587785739922497
50,1157.0,0.0,0.0,4456.0,4456.0,2.0,2228.0,0.0,95.0,95.0,0.0,206.3342900276184,,,,,,,,,102.042724609375,0.0,102.042724609375,102.042724609375,0.00025,0.0,0.00025,0.00025,820.08417,0.0,820.08417,820.08417,96.505,2.4949999999999974,99.0,94.01,5.277176400577754,1.7111916203329154,7.639386783217748,-1.7902377976564825
51,1232.0,0.0,0.0,4606.0,4606.0,75.0,2303.0,0.0,-350.0,-350.0,1.0,223.01055645942688,,,,,,,,,122.67601889532966,23.067120564792845,183.6974334716797,77.53971862792969,0.00025000000000000006,5.421010862427522e-20,0.00025,0.00025,1734.9152,1416.053,9343.427,153.49736,-45.049973613662694,10.279162265270598,-4.0,-60.89843041109239,3.12278064898992,3.9137262926527296,9.750262186097379,-8.286053193291865
52,1307.0,0.0,0.0,4756.0,4756.0,75.0,2378.0,0.0,-350.0,-350.0,0.0,233.96573495864868,,,,,,,,,119.81777696351747,19.321750686912402,160.08355712890625,69.17158508300781,0.00025000000000000006,5.421010862427522e-20,0.00025,0.00025,1776.8894,1212.8014,6379.7666,182.31337,-45.11087476349494,9.11326877817776,-9.0,-56.32991676865303,4.035301643052592,3.6703377212924924,9.943180104282021,-7.693962577962875
53,1382.0,0.0,0.0,4906.0,4906.0,75.0,2453.0,0.0,-330.0,-330.0,1.0,243.54156112670898,,,,,,,,,130.79706573486328,29.416362349364135,205.70518493652344,64.32601928710938,0.00025000000000000006,5.421010862427522e-20,0.00025,0.00025,2144.4714,2430.736,11029.699,230.0212,-42.25899372722847,10.045126986507798,-4.0,-56.37652003604837,2.8752964916868966,4.826170339317552,9.895188466759302,-7.985359607047266
54,1457.0,0.0,0.0,5056.0,5056.0,75.0,2528.0,0.0,-325.0,-325.0,1.0,253.0128824710846,,,,,,,,,131.82054365003432,30.935302376646483,249.1533203125,76.62638092041016,0.00025000000000000006,5.421010862427522e-20,0.00025,0.00025,3397.7131,3489.7754,19333.842,119.1446,-41.561248755619914,10.122865291126617,-4.0,-60.89843041109239,3.9390359639574464,4.6808815302252915,9.989496276218548,-8.746815136354417
55,1518.0,0.0,0.0,5178.0,5178.0,61.0,2589.0,0.0,-206.0,-206.0,0.0,260.69936060905457,,,,,,,,,128.2436831156413,17.24431687067441,180.8450164794922,98.09465026855469,0.00025,0.0,0.00025,0.00025,3173.1345,2408.4949,13412.058,461.82413,-30.682276759839667,48.77652616883663,99.0,-60.89843041109239,3.3383239059427736,3.629282502711041,9.551475855615028,-8.184548148512484
56,1539.0,0.0,0.0,5220.0,5220.0,21.0,2610.0,0.0,4.0,4.0,1.0,265.8267695903778,,,,,,,,,149.55772857666017,70.91305895207114,283.32965087890625,65.68416595458984,0.00025000000000000006,5.421010862427522e-20,0.00025,0.00025,8556.676,6146.2734,27818.246,1875.8254,15.319532951396065,63.36705420827937,99.0,-56.32991676865303,2.35564251747579,6.159300443929048,9.906297658779659,-8.272327437903732
57,1615.0,0.0,0.0,5370.0,5370.0,45.0,2685.0,0.0,,,0.0,284.5180187225342,,,,,,,,,,,,,,,,,,,,,,,,,5.727410233673322,1.3449864002535736,7.751322284652391,1.3072311808776789
58,1639.0,0.0,0.0,5420.0,5420.0,25.0,2710.0,0.0,-17.0,-17.0,1.0,287.4558267593384,-124.0,-124.0,0.0,,,,,,122.02856254577637,35.381165559241644,235.9745330810547,85.2778091430664,0.00025,0.0,0.00025,0.00025,7953.06,5845.155,23406.203,1467.5647,3.8959446219031166,63.674780784408895,99.0,-56.28377953393162,2.3748161679771855,6.771833807489556,9.916887850252893,-8.896883285279909
59,1714.0,0.0,0.0,5570.0,5570.0,75.0,2785.0,0.0,-340.0,-340.0,0.0,296.62759947776794,,,,,,,,,147.487380053546,34.91963650740823,267.33740234375,65.307373046875,0.00025000000000000006,5.421010862427522e-20,0.00025,0.00025,5787.86,6092.6616,23179.254,215.57323,-43.715384820277826,10.93610363180624,-4.0,-56.37652003604837,1.8887028367152976,5.4853061701731605,9.986785774952537,-8.206519339047373
60,1789.0,0.0,0.0,5720.0,5720.0,75.0,2860.0,0.0,-330.0,-330.0,0.0,305.87258100509644,,,,,,,,,133.56406155148068,25.367520028842318,210.24481201171875,89.19364929199219,0.00025000000000000006,5.421010862427522e-20,0.00025,0.00025,4037.2754,3607.4475,21870.268,678.48944,-42.25899372722847,10.571940842271896,-4.0,-56.37652003604837,2.870103284992763,4.114553636541562,9.669866151746522,-8.03356519862646
61,1799.0,0.0,0.0,5740.0,5740.0,10.0,2870.0,0.0,52.0,52.0,1.0,308.0727508068085,,,,,,,,,101.73126305474176,22.664508532727762,161.8480224609375,82.87230682373047,0.00025,0.0,0.00025,0.00025,4059.1614,2254.1492,9981.917,2193.7573,72.25627392620363,17.185637445932176,98.0,45.22663899735315,6.352638667382968,3.7353831228926637,9.823732497577389,-6.197884560724776
62,1874.0,0.0,0.0,5890.0,5890.0,75.0,2945.0,0.0,-310.0,-310.0,0.0,324.4382314682007,,,,,,,,,152.7287608997242,37.580347297819166,284.3675537109375,69.64981079101562,0.00025000000000000006,5.421010862427522e-20,0.00025,0.00025,9161.641,6471.071,30500.758,1125.4915,-39.5892071289604,8.389833069481082,-4.0,-51.716193296513424,2.43101019398725,4.861424395152572,9.999257407027205,-8.8715087389166
63,1879.0,0.0,0.0,5900.0,5900.0,5.0,2950.0,0.0,76.0,76.0,1.0,325.06863832473755,,,,,,,,,127.48903465270996,21.953971168940907,165.48304748535156,113.42422485351562,0.00025,0.0,0.00025,0.00025,3238.1746,1354.9216,5480.253,2144.115,85.16890399399999,9.1111370501028,97.0,72.46621696999999,-1.0398348045921915,3.097619278171793,5.9218714767708605,-7.781916712224483
64,1954.0,0.0,0.0,6050.0,6050.0,75.0,3025.0,0.0,-330.0,-330.0,1.0,334.34998846054077,,,,,,,,,149.41604830767656,41.88028259818743,313.8719482421875,74.21831512451172,0.00025000000000000006,5.421010862427522e-20,0.00025,0.00025,8651.56,8569.981,52690.82,1406.0886,-42.44605955701411,10.371837146790156,-4.0,-56.28377953393162,2.158219788480953,5.589326846708029,9.958154356778664,-8.89931307286024
65,2029.0,0.0,0.0,6200.0,6200.0,75.0,3100.0,0.0,-325.0,-325.0,0.0,343.72436141967773,,,,,,,,,139.85292238802523,34.24537358292801,227.72344970703125,80.2600326538086,0.00025000000000000006,5.421010862427522e-20,0.00025,0.00025,6663.0107,4725.8433,27226.484,923.6407,-42.189726397221804,10.234030160353443,-4.0,-60.89843041109239,2.0864472385385375,5.664652247172736,9.966473903189762,-8.650870004668832
66,2075.0,0.0,0.0,6292.0,6292.0,46.0,3146.0,0.0,-116.0,-116.0,1.0,355.02140402793884,,,,,,,,,168.39244266086155,58.968207244821315,394.07464599609375,78.85313415527344,0.00025,0.0,0.00025,0.00025,17787.29,15417.606,96037.6,4609.2856,-20.210068927797103,54.08820056690772,99.0,-60.89843041109239,4.669494126510738,6.017120298006387,9.999981493585487,-9.199561483670752
67,2151.0,0.0,0.0,6442.0,6442.0,75.0,3221.0,0.0,,,0.0,367.7800614833832,,,,,,,,,,,,,,,,,,,,,,,,,-1.2429301369936085,3.4390601625839192,9.695781342398739,-7.12570804816113
68,2152.0,0.0,0.0,6446.0,6446.0,2.0,3223.0,0.0,95.0,95.0,1.0,367.96837306022644,-325.0,-325.0,0.0,,,,,,129.64488220214844,0.0,129.64488220214844,129.64488220214844,0.00025,0.0,0.00025,0.00025,3813.5322,0.0,3813.5322,3813.5322,96.505,2.4949999999999974,99.0,94.01,-2.5176579626568087,2.851783359377226,6.814898718720227,-7.020710658468306
69,2227.0,0.0,0.0,6596.0,6596.0,75.0,3298.0,0.0,-360.0,-360.0,0.0,377.264368057251,,,,,,,,,182.48109116425385,80.1754803969917,677.8300170898438,77.78038787841797,0.00025000000000000006,5.421010862427522e-20,0.00025,0.00025,16495.342,14487.991,72296.45,759.3759,-47.502747120929754,12.325044352091373,-4.0,-60.89843041109239,0.12145507686955648,5.974141849077392,9.977163529641343,-8.794088233448566
70,2229.0,0.0,0.0,6600.0,6600.0,2.0,3300.0,0.0,95.0,95.0,0.0,377.5360085964203,,,,,,,,,131.5892333984375,0.0,131.5892333984375,131.5892333984375,0.00025,0.0,0.00025,0.00025,3339.7788,0.0,3339.7788,3339.7788,96.505,2.4949999999999974,99.0,94.01,-0.8536995637369432,2.517040611607551,5.769041049071747,-6.4872704535799395
71,2302.0,0.0,0.0,6746.0,6746.0,73.0,3373.0,0.0,-261.0,-261.0,0.0,395.7180895805359,,,,,,,,,145.5859376059638,49.012319161409934,426.56524658203125,84.96939086914062,0.00025,0.0,0.00025,0.00025,13048.715,9795.86,56151.78,1185.764,-33.52408882092163,44.21242471475498,97.0,-60.89843041109239,2.3335138207256847,6.019335754649299,9.99025322107117,-8.821616364922374
72,2329.0,0.0,0.0,6800.0,6800.0,27.0,3400.0,0.0,-30.0,-30.0,0.0,402.3738520145416,,,,,,,,,165.0686137859638,56.51046171436227,284.7799987792969,89.03480529785156,0.00025,0.0,0.00025,0.00025,18971.752,15662.409,70881.96,4539.0654,-1.095265085319572,62.472669071399416,99.0,-60.89843041109239,-0.4484306292481177,5.692322692407225,9.975046304187742,-8.72683623500925
73,2334.0,0.0,0.0,6810.0,6810.0,5.0,3405.0,0.0,76.0,76.0,1.0,403.60081720352173,,,,,,,,,163.19878387451172,33.28900563173564,195.27108764648438,115.21476745605469,0.00025,0.0,0.00025,0.00025,12780.978,1971.7454,15127.1,9705.513,85.16890399399999,9.1111370501028,97.0,72.46621696999999,9.777279842073089,0.6427681569747556,9.999964082397664,4.517919038785476
74,2409.0,0.0,0.0,6960.0,6960.0,75.0,3480.0,0.0,-340.0,-340.0,0.0,413.7651991844177,,,,,,,,,174.26884573859138,40.69625307234598,346.936279296875,109.42008209228516,0.00025000000000000006,5.421010862427522e-20,0.00025,0.00025,13962.597,10260.955,55963.883,2542.5913,-43.77567695861175,11.20893177729631,-4.0,-60.89843041109239,-0.8464657915659572,6.502906973511377,9.999590323864687,-9.19880818711102
75,2419.0,0.0,0.0,6980.0,6980.0,10.0,3490.0,0.0,51.0,51.0,0.0,415.0266547203064,,,,,,,,,137.91239081488715,19.097138460382006,167.79270935058594,100.78460693359375,0.00025,0.0,0.00025,0.00025,8975.815,4383.479,15437.555,2324.2456,70.82935460159118,16.883091669835494,97.0,44.36067125236451,3.028094723492519,4.0504779318782145,9.590716698253527,-7.749486918374895
