Episode #,Training Iter,Epoch,In Heatup,ER #Transitions,ER #Episodes,Episode Length,Total steps,Epsilon,Shaped Training Reward,Training Reward,Update Target Network,Wall-Clock Time,Evaluation Reward,Shaped Evaluation Reward,Success Rate,Inverse Propensity Score,Direct Method Reward,Doubly Robust,Weighted Importance Sampling,Sequential Doubly Robust,Loss/Mean,Loss/Stdev,Loss/Max,Loss/Min,Learning Rate/Mean,Learning Rate/Stdev,Learning Rate/Max,Learning Rate/Min,Grads (unclipped)/Mean,Grads (unclipped)/Stdev,Grads (unclipped)/Max,Grads (unclipped)/Min,Discounted Return/Mean,Discounted Return/Stdev,Discounted Return/Max,Discounted Return/Min,Q/Mean,Q/Stdev,Q/Max,Q/Min
1,0.0,0.0,1.0,150.0,150.0,75.0,75.0,0.0,,,0.0,0.03365325927734375,,,,,,,,,,,,,,,,,,,,,-14.099135999999998,2.805874398454785,-4.0,-16.8804,,,,
2,0.0,0.0,1.0,170.0,170.0,10.0,85.0,0.0,,,0.0,0.24829959869384766,,,,,,,,,,,,,,,,,,,,,18.40666,49.59703655685892,99.0,-16.8804,,,,
3,0.0,0.0,1.0,320.0,320.0,75.0,160.0,0.0,,,0.0,1.0446662902832031,,,,,,,,,,,,,,,,,,,,,-13.901129333333332,2.7806728566433145,-4.0,-16.8804,,,,
4,0.0,0.0,1.0,470.0,470.0,75.0,235.0,0.0,,,0.0,1.8670504093170166,,,,,,,,,,,,,,,,,,,,,-14.297142666666666,2.816967778311677,-4.0,-16.8804,,,,
5,0.0,0.0,1.0,492.0,492.0,11.0,246.0,0.0,,,0.0,2.027336597442627,,,,,,,,,,,,,,,,,,,,,14.208727272727272,47.7562983473021,97.0,-16.8804,,,,
6,0.0,0.0,1.0,508.0,508.0,8.0,254.0,0.0,,,0.0,2.1606643199920654,,,,,,,,,,,,,,,,,,,,,27.8347375,51.332087690423656,99.0,-11.8804,,,,
7,0.0,0.0,1.0,658.0,658.0,75.0,329.0,0.0,,,0.0,2.9681620597839355,,,,,,,,,,,,,,,,,,,,,-14.099135999999998,2.805874398454785,-4.0,-16.8804,,,,
8,0.0,0.0,1.0,808.0,808.0,75.0,404.0,0.0,,,0.0,3.771009683609009,,,,,,,,,,,,,,,,,,,,,-14.099135999999998,2.805874398454785,-4.0,-16.8804,,,,
9,0.0,0.0,1.0,958.0,958.0,75.0,479.0,0.0,,,0.0,4.5863683223724365,,,,,,,,,,,,,,,,,,,,,-14.297142666666666,2.816967778311677,-4.0,-16.8804,,,,
10,0.0,0.0,1.0,1108.0,1108.0,75.0,554.0,0.0,,,0.0,5.389916181564331,,,,,,,,,,,,,,,,,,,,,-14.495149333333332,2.814119846079686,-4.0,-16.8804,,,,
11,0.0,0.0,1.0,1142.0,1142.0,17.0,571.0,0.0,,,0.0,5.6192238330841064,,,,,,,,,,,,,,,,,,,,,3.253682352941175,41.179463545176404,97.0,-16.8804,,,,
12,0.0,0.0,1.0,1292.0,1292.0,75.0,646.0,0.0,,,0.0,6.439788103103638,,,,,,,,,,,,,,,,,,,,,-13.835789333333333,2.673765595438929,-4.0,-16.8804,,,,
13,0.0,0.0,1.0,1442.0,1442.0,75.0,721.0,0.0,,,0.0,7.274218559265137,,,,,,,,,,,,,,,,,,,,,-13.835789333333333,2.7697910497640237,-4.0,-16.8804,,,,
14,0.0,0.0,1.0,1446.0,1446.0,2.0,723.0,0.0,,,0.0,7.345247745513916,,,,,,,,,,,,,,,,,,,,,96.505,2.4949999999999974,99.0,94.01,,,,
15,0.0,0.0,1.0,1596.0,1596.0,75.0,798.0,0.0,,,0.0,8.153559923171997,,,,,,,,,,,,,,,,,,,,,-13.703122666666665,2.7409740333233534,-4.0,-16.8804,,,,
16,0.0,0.0,1.0,1746.0,1746.0,75.0,873.0,0.0,,,0.0,8.948898077011108,,,,,,,,,,,,,,,,,,,,,-13.901129333333332,2.7806728566433145,-4.0,-16.8804,,,,
17,0.0,0.0,1.0,1896.0,1896.0,75.0,948.0,0.0,,,0.0,9.75609016418457,,,,,,,,,,,,,,,,,,,,,-14.495149333333332,2.814119846079686,-4.0,-16.8804,,,,
18,0.0,0.0,1.0,1934.0,1934.0,19.0,967.0,0.0,,,0.0,9.996557474136353,,,,,,,,,,,,,,,,,,,,,2.4969473684210537,39.73020921260333,99.0,-16.8804,,,,
19,0.0,0.0,1.0,2044.0,2044.0,55.0,1022.0,0.0,,,1.0,10.591420650482178,,,,,,,,,,,,,,,,,,,,,-9.073752727272728,24.89017498711895,99.0,-16.8804,,,,
20,73.0,0.0,0.0,2192.0,2192.0,74.0,1096.0,0.0,-243.0,-243.0,0.0,22.65752124786377,,,,,,,,,288.82178560021805,109.23892997897819,511.54608154296875,100.59983825683594,0.00025,0.0,0.00025,0.00025,6164.606,6757.071,24815.049,6.00013,-9.593695945945944,21.449636123363803,99.0,-16.8804,-3.8242584861660194,3.262132481048515,8.346579129180105,-9.168598140788042
21,148.0,0.0,0.0,2342.0,2342.0,75.0,1171.0,0.0,-350.0,-350.0,0.0,31.48351764678955,,,,,,,,,377.85739176982156,371.4207833784444,2007.284423828125,64.15155029296875,0.00025000000000000006,5.421010862427522e-20,0.00025,0.00025,33342.25,47535.562,276823.78,2485.9197,-13.703122666666665,2.7409740333233534,-4.0,-16.8804,-4.464022250319207,3.1069761275413454,9.99984406914307,-9.999646216601995
22,198.0,0.0,0.0,2442.0,2442.0,50.0,1221.0,0.0,-147.0,-147.0,0.0,37.57694602012634,,,,,,,,,2746.926623286033,2013.902264584998,9054.19921875,351.83709716796875,0.00025,0.0,0.00025,0.00025,258548.48,188741.23,910290.56,53587.49,-8.496078,26.023333844427313,99.0,-16.8804,-2.154953644197362,6.644769218387873,10.000000015784188,-10.000000317013098
23,200.0,0.0,0.0,2446.0,2446.0,2.0,1223.0,0.0,95.0,95.0,1.0,37.83554720878601,,,,,,,,,702.770751953125,0.0,702.770751953125,702.770751953125,0.00025,0.0,0.00025,0.00025,228625.23,0.0,228625.23,228625.23,96.505,2.4949999999999974,99.0,94.01,-7.999999632480577,4.268558263823703e-06,-7.999950036318944,-8.000000000000007
24,218.0,0.0,0.0,2482.0,2482.0,18.0,1241.0,0.0,21.0,21.0,0.0,39.95937728881836,,,,,,,,,6676.726009593291,5463.903435464623,23055.63671875,1800.8546142578125,0.00025,0.0,0.00025,0.00025,408769.38,255274.8,873542.8,160426.78,4.1207166666666675,40.30205024042064,99.0,-16.8804,-7.546316990677847,3.164085655244608,10.0,-9.200000370140947
25,293.0,0.0,0.0,2632.0,2632.0,75.0,1316.0,0.0,-380.0,-380.0,0.0,48.75417876243591,,,,,,,,,3966.9988815720017,3084.3174502091615,16524.810546875,700.50146484375,0.00025000000000000006,5.421010862427522e-20,0.00025,0.00025,320776.5,205919.97,1058019.2,30304.941,-14.825822666666665,2.480468188794115,-9.0,-16.8804,-3.5077197409960457,6.550806443132723,10.000000378412242,-9.2
26,302.0,0.0,0.0,2650.0,2650.0,9.0,1325.0,0.0,57.0,57.0,0.0,49.83532691001892,,,,,,,,,1923.4716186523438,852.476448438918,3033.5068359375,630.7864990234375,0.00025,0.0,0.00025,0.00025,151471.06,87337.79,330561.2,54013.24,20.66633333333333,51.948280081271434,99.0,-16.8804,-5.263597148263345,1.7653811389467013,-3.999999480949384,-8.00000007072174
27,307.0,0.0,0.0,2660.0,2660.0,5.0,1330.0,0.0,76.0,76.0,0.0,50.43920373916626,,,,,,,,,1324.4347229003906,363.05316948600904,1753.76806640625,909.9520263671875,0.00025,0.0,0.00025,0.00025,106420.25,70678.88,195019.92,36868.453,48.48578,53.44244884240991,97.0,-16.8804,-5.9070494935787226,1.8281492108872,-3.999999995774211,-7.999890611114097
28,382.0,0.0,0.0,2810.0,2810.0,75.0,1405.0,0.0,-400.0,-400.0,0.0,59.260244846343994,,,,,,,,,587.4751651867016,475.77432488997215,3128.327392578125,115.36016845703125,0.00025000000000000006,5.421010862427522e-20,0.00025,0.00025,42171.164,45016.13,204296.06,7616.2993,-15.617849333333334,2.4137378513485865,-4.0,-16.8804,-4.7402229433491065,5.349436381857948,9.999999987191206,-9.185115986382712
29,400.0,0.0,0.0,2844.0,2844.0,75.0,1422.0,0.0,,,0.0,62.10372567176819,,,,,,,,,,,,,,,,,,,,,,,,,0.41755019016169637,5.062051092788554,9.595988271979227,-7.538701290580575
30,474.0,0.0,0.0,2994.0,2994.0,75.0,1497.0,0.0,-405.0,-405.0,1.0,70.7574474811554,-375.0,-375.0,0.0,,,,,,357.25586019979943,53.032967726890185,667.4277954101562,198.54547119140625,0.00025000000000000006,5.421010862427522e-20,0.00025,0.00025,3487.574,3297.5547,18842.275,743.21045,-15.815856,2.059510429607969,-9.0,-16.8804,-2.4238532226083467,2.409254957665937,7.991590101142473,-7.01699106173994
31,503.0,0.0,0.0,3052.0,3052.0,29.0,1526.0,0.0,-48.0,-48.0,0.0,74.17862272262573,,,,,,,,,345.3095234462193,29.561738741053333,395.1875915527344,280.73968505859375,0.00025000000000000006,5.421010862427522e-20,0.00025,0.00025,1986.2238,675.9635,3665.731,1058.5114,-4.340120689655174,33.497293425222196,99.0,-16.8804,-2.9178976723388974,1.2682561184636252,4.127769093198232,-5.082294573807301
32,508.0,0.0,0.0,3062.0,3062.0,5.0,1531.0,0.0,83.0,83.0,0.0,74.7974443435669,,,,,,,,,307.94815826416016,13.98540636982075,326.0636291503906,286.85498046875,0.00025,0.0,0.00025,0.00025,2312.2378,703.6733,2993.4912,1309.7966,51.66382,51.9785792598605,99.0,-11.8804,-3.486412928466608,1.5642135483047799,0.9534198704926897,-6.447291938976195
33,583.0,0.0,0.0,3212.0,3212.0,75.0,1606.0,0.0,-375.0,-375.0,1.0,83.4015896320343,,,,,,,,,458.5901881037532,404.0473334035552,2595.38720703125,108.83711242675781,0.00025000000000000006,5.421010862427522e-20,0.00025,0.00025,30062.865,33634.496,212238.48,2186.0513,-14.693155999999998,2.501321145327805,-9.0,-16.8804,-5.076468240222611,3.236716217548696,9.999994877231359,-9.599955010929422
34,608.0,0.0,0.0,3262.0,3262.0,25.0,1631.0,0.0,-7.0,-7.0,0.0,86.28967094421387,,,,,,,,,1349.679111480713,750.5865737089265,3470.74951171875,216.60311889648438,0.00025,0.0,0.00025,0.00025,176154.98,156151.55,833998.94,72124.04,-0.16357600000000047,34.864953044847546,99.0,-16.8804,-4.268540069710874,2.4017580852726,7.437089462533048,-8.800000272636552
35,660.0,0.0,0.0,3366.0,3366.0,52.0,1683.0,0.0,-125.0,-125.0,0.0,96.49925756454468,,,,,,,,,4450.721278770297,3575.5847422398124,15428.779296875,400.02862548828125,0.00025,0.0,0.00025,0.00025,220921.28,191141.05,770182.3,24662.225,-6.912725000000001,25.080266243647806,99.0,-16.8804,-6.1486595418522105,2.8601031266903023,10.0,-9.200000171322097
36,735.0,0.0,0.0,3516.0,3516.0,75.0,1758.0,0.0,-315.0,-315.0,0.0,107.99841380119324,,,,,,,,,390.66209473481047,209.33518115916758,1314.55615234375,172.54443359375,0.00025000000000000006,5.421010862427522e-20,0.00025,0.00025,19356.658,14548.435,72187.805,2355.7913,-12.317075999999997,1.9449798504416442,-4.0,-16.8804,-1.825875809889144,5.775087866729811,9.998357941928889,-8.799291171923587
37,750.0,0.0,0.0,3546.0,3546.0,15.0,1773.0,0.0,38.0,38.0,1.0,109.77776145935059,,,,,,,,,323.52409798758373,38.54635352556856,382.0442810058594,257.63275146484375,0.0002500000000000001,1.0842021724855044e-19,0.00025,0.00025,5052.69,1425.4019,7206.9336,2945.6914,8.310973333333333,42.93898541758164,99.0,-16.8804,-1.6168528936502553,2.296855920726209,6.593248331610509,-8.21968943499327
38,825.0,0.0,0.0,3696.0,3696.0,75.0,1848.0,0.0,-375.0,-375.0,0.0,118.671541929245,,,,,,,,,305.81196491138354,52.18488425950051,471.78179931640625,206.29312133789062,0.00025000000000000006,5.421010862427522e-20,0.00025,0.00025,6224.5723,3283.3735,24408.672,2101.8518,-14.693156000000002,2.7972880209345625,-4.0,-16.8804,-3.0919150147395476,2.266177664822635,6.832595450296265,-8.10512234123909
39,901.0,0.0,0.0,3846.0,3846.0,75.0,1923.0,0.0,,,1.0,128.38567733764648,,,,,,,,,,,,,,,,,,,,,,,,,0.6060771183468943,7.022278550363266,9.999092554617029,-7.599932433393714
40,975.0,0.0,0.0,3996.0,3996.0,75.0,1998.0,0.0,-310.0,-310.0,0.0,137.0762312412262,-320.0,-320.0,0.0,,,,,,429.3613213204049,253.42639484082062,1502.216064453125,110.54765319824219,0.00025000000000000006,5.421010862427522e-20,0.00025,0.00025,15105.167,14624.912,67756.586,2130.0562,-12.053729333333331,1.6257794489022455,-4.0,-16.8804,-3.7427967529292028,4.466538165935383,9.994710091029864,-9.599387226193443
41,1050.0,0.0,0.0,4146.0,4146.0,75.0,2073.0,0.0,-340.0,-340.0,1.0,145.94707441329956,,,,,,,,,348.8607998409787,125.22372809330193,910.7158203125,116.37919616699219,0.00025000000000000006,5.421010862427522e-20,0.00025,0.00025,14063.148,16983.848,98179.766,1611.4153,-13.307109333333335,2.513279340313413,-4.0,-16.8804,-1.9303132521430373,3.772839800770067,9.999845061050916,-7.52261210071741
42,1125.0,0.0,0.0,4296.0,4296.0,75.0,2148.0,0.0,-350.0,-350.0,0.0,154.66733288764954,,,,,,,,,9211.792383554819,9881.722941849072,47821.0625,221.71376037597656,0.00025000000000000006,5.421010862427522e-20,0.00025,0.00025,853332.2,1031935.4,4338119.5,33146.47,-13.637782666666665,2.725190647245233,-4.0,-16.8804,-4.486121030665054,3.692093705002229,10.0,-9.2
43,1200.0,0.0,0.0,4446.0,4446.0,75.0,2223.0,0.0,-355.0,-355.0,1.0,163.06995677947998,,,,,,,,,11009.68551718222,10226.43263099697,49404.70703125,995.6038818359375,0.00025000000000000006,5.421010862427522e-20,0.00025,0.00025,853723.2,835278.9,4317505.5,57778.13,-13.901129333333335,2.4827260693988955,-9.0,-16.8804,-5.952341360163165,3.709830909526243,10.0,-9.200000400718476
44,1275.0,0.0,0.0,4596.0,4596.0,75.0,2298.0,0.0,-350.0,-350.0,1.0,171.68718433380127,,,,,,,,,1593.5597047548035,1374.66912630007,7450.580078125,266.5194396972656,0.00025000000000000006,5.421010862427522e-20,0.00025,0.00025,143061.69,111881.18,469458.47,12676.135,-13.637782666666666,2.6275357397822185,-4.0,-16.8804,-6.720608159722581,4.381863242998418,10.0,-9.199999805902886
45,1350.0,0.0,0.0,4746.0,4746.0,75.0,2373.0,0.0,-365.0,-365.0,0.0,181.71940660476685,,,,,,,,,664.2087833301441,504.41800998424634,2994.28564453125,172.95358276367188,0.00025000000000000006,5.421010862427522e-20,0.00025,0.00025,58227.242,38053.61,175856.17,10097.98,-14.297142666666666,2.816967778311677,-4.0,-16.8804,-4.429386276306028,5.866604792318458,9.998642764142186,-9.20000037377086
46,1361.0,0.0,0.0,4768.0,4768.0,11.0,2384.0,0.0,52.0,52.0,1.0,183.25266766548157,,,,,,,,,467.87933044433595,217.07212968867742,1010.2651977539062,186.38494873046875,0.00025000000000000006,5.421010862427522e-20,0.00025,0.00025,43416.17,14519.645,76429.32,22846.883,15.113272727272728,47.203262589669116,97.0,-16.8804,-1.8531031472564894,5.301905660695555,9.989928182040483,-8.757137491080291
47,1436.0,0.0,0.0,4918.0,4918.0,75.0,2459.0,0.0,-395.0,-395.0,1.0,192.36985158920288,,,,,,,,,373.09839279587203,179.94600558173383,1084.3817138671875,106.65863037109375,0.00025000000000000006,5.421010862427522e-20,0.00025,0.00025,25682.857,14161.287,57652.895,3603.5117,-15.485182666666667,2.4779359408654797,-4.0,-16.8804,-0.35475330384567294,5.848570135002991,9.984507999490313,-9.067699138756225
48,1511.0,0.0,0.0,5068.0,5068.0,75.0,2534.0,0.0,-345.0,-345.0,0.0,201.11163234710693,,,,,,,,,384.6393581081081,143.37903215078677,1206.32958984375,165.7977294921875,0.00025000000000000006,5.421010862427522e-20,0.00025,0.00025,22637.52,10131.83,60185.906,7503.4536,-13.505115999999997,2.686135232437861,-4.0,-16.8804,-3.0504790058127584,4.306595730768983,9.832181148244732,-8.948322996446631
49,1587.0,0.0,0.0,5218.0,5218.0,75.0,2609.0,0.0,,,0.0,210.92491269111633,,,,,,,,,,,,,,,,,,,,,,,,,3.1089630322254145,7.379531735360955,9.99999999999997,-9.19999989238396
50,1661.0,0.0,0.0,5368.0,5368.0,75.0,2684.0,0.0,-350.0,-350.0,1.0,219.93189930915833,-305.0,-305.0,0.0,,,,,,1629.9290301348713,982.537999516901,5165.68701171875,271.65887451171875,0.00025000000000000006,5.421010862427522e-20,0.00025,0.00025,172585.17,97404.055,474896.88,28266.318,-13.703122666666665,2.438180848779042,-9.0,-16.8804,-1.2458949258923078,6.133971418785611,10.000000000003716,-9.199999588859875
51,1684.0,0.0,0.0,5414.0,5414.0,23.0,2707.0,0.0,2.0,2.0,1.0,222.7066354751587,,,,,,,,,746.6593780517578,324.6332548871979,1695.0732421875,322.56097412109375,0.00025000000000000006,5.421010862427522e-20,0.00025,0.00025,60415.26,30883.602,131577.89,16121.508,0.7713478260869565,35.27402557287074,96.01,-16.8804,-3.397426226604083,3.1403081999718894,-0.8000000029243224,-8.090309325288498
52,1759.0,0.0,0.0,5564.0,5564.0,75.0,2782.0,0.0,-410.0,-410.0,1.0,231.3219485282898,,,,,,,,,298.9250230531435,164.34103596303328,1174.923583984375,142.89547729492188,0.00025000000000000006,5.421010862427522e-20,0.00025,0.00025,15901.986,17863.207,110415.2,2392.6802,-16.013862666666668,1.9037109875730147,-9.0,-16.8804,-6.093204317648677,2.8120121611000095,8.673642406803904,-9.14840003415233
53,1834.0,0.0,0.0,5714.0,5714.0,75.0,2857.0,0.0,-405.0,-405.0,0.0,239.92641019821167,,,,,,,,,246.31677204853779,59.849282221366664,392.3525085449219,136.51254272460938,0.00025000000000000006,5.421010862427522e-20,0.00025,0.00025,8297.962,4983.1196,28162.496,2017.3303,-15.815856,2.2993642620654957,-4.0,-16.8804,-4.27502049031642,3.0782008796717983,8.763943062794548,-8.208521820974019
54,1837.0,0.0,0.0,5720.0,5720.0,3.0,2860.0,0.0,91.0,91.0,1.0,240.30600023269653,,,,,,,,,232.5468978881836,22.34918975830078,254.89608764648438,210.1977081298828,0.00025,0.0,0.00025,0.00025,16058.82,4186.935,20245.756,11871.886,94.02663333333334,4.053963410732211,99.0,89.0699,-4.0792642875994005,2.4885438923457914,7.968976009778825,-8.004937700912278
55,1912.0,0.0,0.0,5870.0,5870.0,75.0,2935.0,0.0,-355.0,-355.0,0.0,248.98102807998657,,,,,,,,,1929.9419052536423,2256.343258919428,10077.4482421875,123.08271789550781,0.00025000000000000006,5.421010862427522e-20,0.00025,0.00025,169946.39,230134.03,1695841.8,10723.967,-13.835789333333333,2.7697910497640237,-4.0,-16.8804,-5.666810445034473,3.56504364074216,9.996022130959815,-9.199923361814058
56,1914.0,0.0,0.0,5874.0,5874.0,2.0,2937.0,0.0,95.0,95.0,0.0,249.2431139945984,,,,,,,,,886.03173828125,0.0,886.03173828125,886.03173828125,0.00025,0.0,0.00025,0.00025,268293.8,0.0,268293.8,268293.8,96.505,2.4949999999999974,99.0,94.01,-1.7794110187597567,1.8418760690486167,10.0,-7.999892125984206
57,1941.0,0.0,0.0,5928.0,5928.0,27.0,2964.0,0.0,-25.0,-25.0,0.0,252.34888863563538,,,,,,,,,7676.282865084135,3277.611344623881,14604.076171875,3446.40673828125,0.00025,0.0,0.00025,0.00025,554103.3,339493.28,1503704.1,123269.89,-2.131525925925924,34.1034173116245,99.0,-16.8804,-7.6457913688679655,3.742882146276895,10.0,-9.200000458389649
58,1958.0,0.0,0.0,5962.0,5962.0,17.0,2981.0,0.0,25.0,25.0,1.0,254.34285283088684,,,,,,,,,3631.4091720581055,1795.8616266339739,7925.9189453125,1323.5130615234375,0.00025,0.0,0.00025,0.00025,309832.5,124786.125,603484.44,136371.28,5.061958823529412,41.27775209360662,99.0,-16.8804,-5.259093392134025,2.4721626107672283,9.5144744469942,-9.199999877705766
59,2034.0,0.0,0.0,6112.0,6112.0,75.0,3056.0,0.0,,,0.0,264.40291810035706,,,,,,,,,,,,,,,,,,,,,,,,,-7.249811483200791,2.467849357695696,9.958331450419175,-9.199997725324621
60,2108.0,0.0,0.0,6262.0,6262.0,75.0,3131.0,0.0,-360.0,-360.0,1.0,275.71652841567993,-350.0,-350.0,0.0,,,,,,511.46153733537005,346.9684396459456,1858.349609375,163.10702514648438,0.00025000000000000006,5.421010862427522e-20,0.00025,0.00025,31744.861,27185.85,106979.23,2846.5342,-14.033796000000002,2.5040356975857994,-9.0,-16.8804,-6.498548373075043,1.6533819356901134,0.41040174231140814,-9.199156989329243
61,2129.0,0.0,0.0,6304.0,6304.0,21.0,3152.0,0.0,-5.0,-5.0,1.0,279.1557219028473,,,,,,,,,255.31240768432616,58.222299499656124,434.6358337402344,174.2902069091797,0.00025000000000000006,5.421010862427522e-20,0.00025,0.00025,10133.349,4780.5645,20151.838,3684.888,0.08813333333333365,37.47241434915295,96.01,-16.8804,-6.388662126923062,1.2341040843922957,-1.8130393977175394,-8.638006225456632
62,2204.0,0.0,0.0,6454.0,6454.0,75.0,3227.0,0.0,-380.0,-380.0,0.0,290.0836441516876,,,,,,,,,1240.610969543457,1074.5623923095748,4117.65869140625,105.13401794433594,0.00025000000000000006,5.421010862427522e-20,0.00025,0.00025,164200.17,174510.39,945785.4,5764.2324,-14.891162666666666,2.7662170478723387,-4.0,-16.8804,-6.066047466925592,3.7312359050071913,10.0,-9.199937963301672
63,2206.0,0.0,0.0,6458.0,6458.0,2.0,3229.0,0.0,95.0,95.0,0.0,290.4592854976654,,,,,,,,,1434.8603515625,0.0,1434.8603515625,1434.8603515625,0.00025,0.0,0.00025,0.00025,307893.97,0.0,307893.97,307893.97,96.505,2.4949999999999974,99.0,94.01,-7.432351130518064,0.9852498502512064,-1.2000000476837158,-7.6
64,2244.0,0.0,0.0,6534.0,6534.0,38.0,3267.0,0.0,-80.0,-80.0,0.0,296.3348138332367,,,,,,,,,7519.368688634924,3835.594203354062,19272.005859375,1414.3756103515625,0.00025000000000000006,5.421010862427522e-20,0.00025,0.00025,762370.7,566566.6,2208581.5,110808.555,-5.942294736842108,29.097395405882775,98.0,-16.8804,-7.596682199067187,2.2282840057644377,10.0,-9.200000176968475
65,2299.0,0.0,0.0,6644.0,6644.0,55.0,3322.0,0.0,-188.0,-188.0,0.0,303.33085346221924,,,,,,,,,4351.381509286386,2436.169632185894,12838.01953125,649.5833740234375,0.00025,0.0,0.00025,0.00025,284278.8,185024.31,730628.25,35672.254,-9.937781818181822,24.824300271688266,98.0,-16.8804,-2.1765205711772597,7.331119385716296,10.00000000237837,-9.199999809268554
