Episode #,Training Iter,Epoch,In Heatup,ER #Transitions,ER #Episodes,Episode Length,Total steps,Epsilon,Shaped Training Reward,Training Reward,Update Target Network,Wall-Clock Time,Evaluation Reward,Shaped Evaluation Reward,Success Rate,Inverse Propensity Score,Direct Method Reward,Doubly Robust,Weighted Importance Sampling,Sequential Doubly Robust,Loss/Mean,Loss/Stdev,Loss/Max,Loss/Min,Learning Rate/Mean,Learning Rate/Stdev,Learning Rate/Max,Learning Rate/Min,Grads (unclipped)/Mean,Grads (unclipped)/Stdev,Grads (unclipped)/Max,Grads (unclipped)/Min,Discounted Return/Mean,Discounted Return/Stdev,Discounted Return/Max,Discounted Return/Min,Q/Mean,Q/Stdev,Q/Max,Q/Min
1,0.0,0.0,1.0,150.0,150.0,75.0,75.0,1.0,,,0.0,0.02768421173095703,,,,,,,,,,,,,,,,,,,,,-14.297142666666666,2.5233102591727055,-9.0,-16.8804,,,,
2,0.0,0.0,1.0,300.0,300.0,75.0,150.0,1.0,,,0.0,0.630706787109375,,,,,,,,,,,,,,,,,,,,,-14.099135999999998,2.805874398454785,-4.0,-16.8804,,,,
3,0.0,0.0,1.0,314.0,314.0,7.0,157.0,1.0,,,0.0,0.722522497177124,,,,,,,,,,,,,,,,,,,,,32.0869,53.73990430288146,99.0,-16.8804,,,,
4,0.0,0.0,1.0,322.0,322.0,4.0,161.0,1.0,,,0.0,0.7914745807647705,,,,,,,,,,,,,,,,,,,,,67.549875,45.99328385782945,99.0,-11.8804,,,,
5,0.0,0.0,1.0,472.0,472.0,75.0,236.0,1.0,,,0.0,1.3291516304016113,,,,,,,,,,,,,,,,,,,,,-14.693155999999998,2.7972880209345625,-4.0,-16.8804,,,,
6,0.0,0.0,1.0,622.0,622.0,75.0,311.0,1.0,,,0.0,1.8653979301452637,,,,,,,,,,,,,,,,,,,,,-13.901129333333332,2.7806728566433145,-4.0,-16.8804,,,,
7,0.0,0.0,1.0,772.0,772.0,75.0,386.0,1.0,,,0.0,2.403242349624634,,,,,,,,,,,,,,,,,,,,,-13.901129333333332,2.7806728566433145,-4.0,-16.8804,,,,
8,0.0,0.0,1.0,922.0,922.0,75.0,461.0,1.0,,,0.0,2.9433743953704834,,,,,,,,,,,,,,,,,,,,,-9.915257333333333,20.88730652737637,96.01,-16.8804,,,,
9,0.0,0.0,1.0,1072.0,1072.0,75.0,536.0,1.0,,,0.0,3.4775280952453613,,,,,,,,,,,,,,,,,,,,,-13.109102666666667,2.5268261352652575,-4.0,-16.8804,,,,
10,0.0,0.0,1.0,1190.0,1190.0,59.0,595.0,1.0,,,0.0,3.912492275238037,,,,,,,,,,,,,,,,,,,,,-9.012330508474578,23.98730365267945,99.0,-16.8804,,,,
11,0.0,0.0,1.0,1340.0,1340.0,75.0,670.0,1.0,,,0.0,4.440398693084717,,,,,,,,,,,,,,,,,,,,,-13.505116,2.5870064721496164,-4.0,-16.8804,,,,
12,0.0,0.0,1.0,1490.0,1490.0,75.0,745.0,1.0,,,0.0,4.998697280883789,,,,,,,,,,,,,,,,,,,,,-13.835789333333333,2.4705322623582333,-9.0,-16.8804,,,,
13,0.0,0.0,1.0,1510.0,1510.0,10.0,755.0,1.0,,,0.0,5.112540006637573,,,,,,,,,,,,,,,,,,,,,19.89171,48.58346760770478,99.0,-11.8804,,,,
14,0.0,0.0,1.0,1562.0,1562.0,26.0,781.0,1.0,,,0.0,5.350385904312134,,,,,,,,,,,,,,,,,,,,,-1.9450500000000004,34.766131793647524,99.0,-16.8804,,,,
15,0.0,0.0,1.0,1624.0,1624.0,31.0,812.0,1.0,,,0.0,5.6040449142456055,,,,,,,,,,,,,,,,,,,,,-4.026574193548389,32.20580493353261,99.0,-16.8804,,,,
16,0.0,0.0,1.0,1748.0,1748.0,62.0,874.0,1.0,,,0.0,6.057365417480469,,,,,,,,,,,,,,,,,,,,,-8.911583870967743,23.35331699095575,99.0,-16.8804,,,,
17,0.0,0.0,1.0,1898.0,1898.0,75.0,949.0,1.0,,,0.0,6.585663318634033,,,,,,,,,,,,,,,,,,,,,-13.307109333333333,2.6152042066435697,-4.0,-16.8804,,,,
18,0.0,0.0,1.0,2038.0,2038.0,70.0,1019.0,1.0,,,1.0,7.0870749950408936,,,,,,,,,,,,,,,,,,,,,-9.605170000000001,22.077950370774587,99.0,-16.8804,,,,
19,74.0,0.0,0.0,2188.0,2188.0,75.0,1094.0,0.992575000000003,-365.0,-365.0,1.0,16.20608615875244,,,,,,,,,367.28590970425995,118.00252173971194,893.4508056640625,188.49606323242188,0.00025000000000000006,5.421010862427522e-20,0.00025,0.00025,30843.943,59129.14,260875.47,7.058982,-14.297142666666666,2.5233102591727055,-9.0,-16.8804,-2.36482279651356,2.826652261322205,9.999218352513777,-9.99833986967455
20,149.0,0.0,0.0,2338.0,2338.0,75.0,1169.0,0.985150000000006,-355.0,-355.0,0.0,23.42140793800354,,,,,,,,,10234.749540166275,19740.900968454876,122843.96875,1.8351434469223022,0.00025000000000000006,5.421010862427522e-20,0.00025,0.00025,2755455.2,2319922.0,8453638.0,156648.83,-13.901129333333335,2.7806728566433145,-4.0,-16.8804,-1.6021803776995283,6.726093348129641,10.000000148773074,-10.000000165959383
21,201.0,0.0,0.0,2442.0,2442.0,52.0,1221.0,0.980002000000008,-140.0,-140.0,0.0,28.41509199142456,,,,,,,,,59667.78546262255,28267.0535387183,118693.625,13926.412109375,0.00025,0.0,0.00025,0.00025,9481059.0,3088399.8,17185730.0,4677792.5,-7.769484615384617,25.31875417421597,99.0,-16.8804,-4.507693031337479,5.9958762448472855,10.0,-10.000000001920599
22,228.0,0.0,0.0,2496.0,2496.0,27.0,1248.0,0.9773290000000091,-32.0,-32.0,0.0,31.01718020439148,,,,,,,,,67531.49139873798,34162.96995256422,131420.859375,7314.8330078125,0.00025,0.0,0.00025,0.00025,12243873.0,3906474.8,19340232.0,5721976.0,-2.9015518518518513,33.675022313780396,97.0,-16.8804,-4.17365996882952,6.835141299079097,10.0,-9.200000431959733
23,238.0,0.0,0.0,2516.0,2516.0,10.0,1258.0,0.9763390000000095,63.0,63.0,1.0,31.997867584228516,,,,,,,,,61478.50998263889,21246.742076157927,102202.703125,23837.39453125,0.00025,0.0,0.00025,0.00025,13858588.0,2647013.5,18696460.0,11162501.0,19.89171,48.58346760770478,99.0,-11.8804,-2.8533777422690845,7.177137678225405,10.0,-9.200000095037115
24,313.0,0.0,0.0,2666.0,2666.0,75.0,1333.0,0.9689140000000125,-360.0,-360.0,0.0,39.1216504573822,,,,,,,,,41840.73717271959,22697.7009615209,105297.84375,14116.173828125,0.00025000000000000006,5.421010862427522e-20,0.00025,0.00025,11839990.0,4144918.5,21848242.0,4315330.5,-14.099135999999998,2.805874398454785,-4.0,-16.8804,-6.450727760286627,4.598441263503908,10.0,-9.200000276039576
25,388.0,0.0,0.0,2816.0,2816.0,75.0,1408.0,0.9614890000000155,-365.0,-365.0,0.0,46.29867768287659,,,,,,,,,57423.21273226351,35498.65038974832,183278.03125,17822.498046875,0.00025000000000000006,5.421010862427522e-20,0.00025,0.00025,14007630.0,5568280.0,25908732.0,5296357.5,-14.231802666666665,2.8154323664627823,-4.0,-16.8804,-6.929720602151831,2.82830134090529,2.4000000000000004,-9.200000025941197
26,463.0,0.0,0.0,2966.0,2966.0,75.0,1483.0,0.9540640000000185,-365.0,-365.0,0.0,53.81453037261963,,,,,,,,,88451.31798986487,72876.93165316677,402928.0625,18569.51171875,0.00025000000000000006,5.421010862427522e-20,0.00025,0.00025,15942054.0,6617715.0,33427596.0,5403279.0,-14.297142666666666,2.816967778311677,-4.0,-16.8804,-6.6414685387619015,3.475457086861271,9.600000000000001,-9.6
27,499.0,0.0,0.0,3038.0,3038.0,36.0,1519.0,0.9505000000000199,-71.0,-71.0,1.0,61.88051772117615,,,,,,,,,126691.74291294643,85426.06647915339,395017.4375,17151.21484375,0.00025,0.0,0.00025,0.00025,20695104.0,8093355.5,37869508.0,8008010.0,-5.529897222222222,30.132792910350144,99.0,-16.8804,-6.535668749590206,3.6494378704835615,10.0,-9.20000008913993
28,575.0,0.0,0.0,3188.0,3188.0,75.0,1594.0,0.05,,,0.0,73.61327695846558,,,,,,,,,,,,,,,,,,,,,,,,,-9.039435011765418,0.4085277133343244,-8.0,-9.199999809265146
29,601.0,0.0,0.0,3242.0,3242.0,27.0,1621.0,0.9404020000000239,-10.0,-10.0,1.0,76.42545628547668,-335.0,-335.0,0.0,,,,,,213680.47475961538,102086.23954672323,414240.25,58306.125,0.00025,0.0,0.00025,0.00025,24777604.0,9478277.0,42442236.0,13934170.0,-0.6629703703703692,33.540628069096925,99.0,-16.8804,-6.448898248522023,3.0015870971765133,5.200000000000001,-9.200000003679243
30,644.0,0.0,0.0,3328.0,3328.0,43.0,1664.0,0.9361450000000257,-99.0,-99.0,0.0,81.14450907707214,,,,,,,,,136330.49916294642,107410.82000380287,592748.375,31507.63671875,0.00025,0.0,0.00025,0.00025,24929840.0,8433983.0,39912468.0,8782723.0,-6.44973488372093,27.638501613812032,99.0,-16.8804,-6.226513284985613,4.282300632946694,10.0,-9.200000375293126
31,717.0,0.0,0.0,3474.0,3474.0,73.0,1737.0,0.9289180000000286,-244.0,-244.0,0.0,90.42328882217407,,,,,,,,,148367.4456108941,141434.23401681278,703789.75,30467.33203125,0.00025,0.0,0.00025,0.00025,27693928.0,9618587.0,50505916.0,9055241.0,-9.765802739726025,21.63852263533702,99.0,-16.8804,-6.52058252265764,4.497950841674697,10.0,-10.0
32,719.0,0.0,0.0,3478.0,3478.0,2.0,1739.0,0.9287200000000286,95.0,95.0,0.0,90.7669095993042,,,,,,,,,172277.3125,0.0,172277.3125,172277.3125,0.00025,0.0,0.00025,0.00025,38012770.0,0.0,38012770.0,38012770.0,96.505,2.4949999999999974,99.0,94.01,-8.0,0.0,-8.0,-8.0
33,794.0,0.0,0.0,3628.0,3628.0,75.0,1814.0,0.9212950000000316,-345.0,-345.0,1.0,98.70585250854492,,,,,,,,,141232.43673458614,124201.32637387741,590668.875,31693.658203125,0.00025000000000000006,5.421010862427522e-20,0.00025,0.00025,27013266.0,12201376.0,56957960.0,8186698.5,-13.505115999999997,2.376364805105479,-9.0,-16.8804,-6.222514138551134,4.7048256161408775,10.0,-9.200000040874956
34,869.0,0.0,0.0,3778.0,3778.0,75.0,1889.0,0.9138700000000346,-340.0,-340.0,0.0,106.25345516204834,,,,,,,,,127661.74445734797,63844.3964793034,288749.375,12500.541015625,0.00025000000000000006,5.421010862427522e-20,0.00025,0.00025,35931148.0,10899977.0,62488524.0,13816850.0,-13.307109333333333,2.6152042066435697,-4.0,-16.8804,-7.656536376491168,2.603021201505692,8.400000000000002,-9.200000513765817
35,896.0,0.0,0.0,3832.0,3832.0,27.0,1916.0,0.9111970000000357,-20.0,-20.0,0.0,108.97354221343994,,,,,,,,,120286.87935697116,58466.11729388769,282875.625,42177.55859375,0.00025,0.0,0.00025,0.00025,30419236.0,12726942.0,70892776.0,14505815.0,-1.7630074074074076,33.96893520916412,99.0,-16.8804,-7.038529847008892,3.366906330906322,8.8,-9.200000001353517
36,971.0,0.0,0.0,3982.0,3982.0,75.0,1991.0,0.9037720000000387,-355.0,-355.0,1.0,116.54108357429504,,,,,,,,,202176.21516047296,147765.66063249833,909932.125,41707.6640625,0.00025000000000000006,5.421010862427522e-20,0.00025,0.00025,44369820.0,15337220.0,77499330.0,19443618.0,-13.901129333333332,2.7806728566433145,-4.0,-16.8804,-6.986937547479633,4.0277635443951905,10.0,-9.20000000000026
37,1021.0,0.0,0.0,4082.0,4082.0,50.0,2041.0,0.8988220000000406,-139.0,-139.0,0.0,121.6144163608551,,,,,,,,,274401.517059949,180462.46402344896,843280.0625,61396.5546875,0.00025,0.0,0.00025,0.00025,46720544.0,17263562.0,85173430.0,25082320.0,-7.922851999999998,25.389906507691123,97.0,-16.8804,-7.34618931252189,2.3118501839296175,6.400000000000002,-9.2000000395556
38,1067.0,0.0,0.0,4172.0,4172.0,75.0,2086.0,0.05,,,0.0,126.55104088783264,,,,,,,,,,,,,,,,,,,,,,,,,-6.300000011920929,2.9444863522194367,-1.2000000476837158,-8.0
39,1071.0,0.0,0.0,4182.0,4182.0,5.0,2091.0,0.8938720000000426,83.0,83.0,0.0,126.99082493782043,-300.0,-300.0,0.0,,,,,,473739.03125,157117.70382308195,692201.5,254870.8125,0.00025,0.0,0.00025,0.00025,71392060.0,13739865.0,87649304.0,57310620.0,51.66382,51.9785792598605,99.0,-11.8804,-7.737500000000013,2.5094508861501965,-1.1999999999999993,-9.2
40,1079.0,0.0,0.0,4198.0,4198.0,8.0,2099.0,0.893080000000043,71.0,71.0,0.0,127.80392861366272,,,,,,,,,444796.97098214284,204628.2430598067,726095.875,70297.859375,0.00025,0.0,0.00025,0.00025,67632984.0,26824608.0,99811040.0,28601172.0,27.8347375,51.332087690423656,99.0,-11.8804,1.6177777773549622,9.046273361881191,10.0,-9.600000381469727
41,1154.0,0.0,0.0,4348.0,4348.0,75.0,2174.0,0.8856550000000459,-360.0,-360.0,0.0,135.3002791404724,,,,,,,,,204993.01720861485,123733.7508725193,548935.0,34964.6640625,0.00025000000000000006,5.421010862427522e-20,0.00025,0.00025,53835250.0,22007110.0,104731720.0,16409771.0,-14.033795999999999,2.799715623913258,-4.0,-16.8804,-7.317469153552424,3.7430380746854013,10.000000008240432,-9.20000000105412
42,1190.0,0.0,0.0,4420.0,4420.0,36.0,2210.0,0.8820910000000474,-60.0,-60.0,1.0,138.9405596256256,,,,,,,,,177271.93995535714,171141.01680594712,768794.6875,23407.01171875,0.00025,0.0,0.00025,0.00025,51914732.0,23810096.0,110527720.0,18001112.0,-4.622366666666668,29.130945721279133,96.01,-16.8804,-7.294418388368112,2.8266773437860495,9.600000000000001,-9.200000375293126
43,1232.0,0.0,0.0,4504.0,4504.0,42.0,2252.0,0.877933000000049,-90.0,-90.0,1.0,143.16174721717834,,,,,,,,,372043.10480182926,151217.18651362564,887962.875,138097.296875,0.00025,0.0,0.00025,0.00025,71541576.0,28544736.0,124926216.0,31405140.0,-6.083528571428571,27.88344525775179,99.0,-16.8804,-5.805340983561443,5.214312085036889,10.0,-9.200000003679243
44,1307.0,0.0,0.0,4654.0,4654.0,75.0,2327.0,0.870508000000052,-340.0,-340.0,0.0,150.497492313385,,,,,,,,,442266.7571790541,292885.6880926518,1371347.25,118830.671875,0.00025000000000000006,5.421010862427522e-20,0.00025,0.00025,75285070.0,25970168.0,131233000.0,24504610.0,-13.30710933333333,2.295883325094336,-9.0,-16.8804,-5.73557649461101,5.387624477409174,10.0,-9.20000001133287
45,1382.0,0.0,0.0,4804.0,4804.0,75.0,2402.0,0.863083000000055,-350.0,-350.0,0.0,157.8297119140625,,,,,,,,,259075.8169869088,197815.41758214985,1020013.1875,14613.61328125,0.00025000000000000006,5.421010862427522e-20,0.00025,0.00025,80207340.0,28270498.0,147526420.0,31929146.0,-13.703122666666665,2.7409740333233534,-4.0,-16.8804,-6.992602564665376,3.0293943576494335,9.200000000000003,-10.0
46,1457.0,0.0,0.0,4954.0,4954.0,75.0,2477.0,0.855658000000058,-360.0,-360.0,0.0,165.49166059494019,,,,,,,,,352850.6133868243,332001.0041491463,1599473.375,75277.1875,0.00025000000000000006,5.421010862427522e-20,0.00025,0.00025,81145910.0,29295716.0,154803860.0,33031156.0,-14.099135999999998,2.805874398454785,-4.0,-16.8804,-7.1824598492073894,2.6696335746194784,2.0,-9.20000013806263
47,1496.0,0.0,0.0,5032.0,5032.0,39.0,2516.0,0.8517970000000595,-73.0,-73.0,1.0,169.17027926445007,,,,,,,,,502862.8778782895,242062.91276746814,1128537.625,165579.265625,0.00025000000000000006,5.421010862427522e-20,0.00025,0.00025,109728880.0,32331340.0,179326050.0,48837196.0,-5.256833333333335,28.770211984320433,99.0,-16.8804,-6.697368794322343,3.1817251917594063,10.0,-9.200000000050945
48,1572.0,0.0,0.0,5182.0,5182.0,39.0,2591.0,0.05,,,0.0,176.70585870742798,,,,,,,,,,,,,,,,,,,,,,,,,-7.699999928474426,0.17320512205219699,-7.599999904632568,-8.0
49,1577.0,0.0,0.0,5194.0,5194.0,6.0,2597.0,0.8437780000000628,79.0,79.0,1.0,177.2531328201294,-83.0,-83.0,0.0,,,,,,682784.7568725586,569575.8192730794,1353910.5,371.86248779296875,0.00025,0.0,0.00025,0.00025,109768984.0,14543471.0,129021544.0,88465760.0,41.07311666666667,53.03104974479312,99.0,-11.8804,-6.537267074734953,2.9257969705814397,-0.7999999999999989,-9.20000000002231
50,1652.0,0.0,0.0,5344.0,5344.0,75.0,2672.0,0.8363530000000657,-355.0,-355.0,0.0,184.64904689788818,,,,,,,,,504906.0594383446,432571.98093460227,2409459.0,63191.6484375,0.00025000000000000006,5.421010862427522e-20,0.00025,0.00025,115361980.0,38222156.0,204682610.0,35394680.0,-13.901129333333332,2.7806728566433145,-4.0,-16.8804,-6.441531848690249,4.663627295556699,10.0,-9.200000030805935
51,1727.0,0.0,0.0,5494.0,5494.0,75.0,2747.0,0.8289280000000687,-360.0,-360.0,1.0,192.14194130897522,,,,,,,,,342978.2037584459,227483.3846500545,1363700.75,59846.2734375,0.00025000000000000006,5.421010862427522e-20,0.00025,0.00025,114491816.0,41330616.0,216096220.0,45420864.0,-14.033795999999999,2.5040356975858,-9.0,-16.8804,-6.86756866812375,3.9504415820546837,10.0,-9.20000000030201
52,1802.0,0.0,0.0,5644.0,5644.0,75.0,2822.0,0.8215030000000717,-355.0,-355.0,0.0,199.80816555023193,,,,,,,,,543660.4468961149,307372.36181693454,1419338.875,92674.0234375,0.00025000000000000006,5.421010862427522e-20,0.00025,0.00025,145841400.0,51481380.0,261104620.0,45322924.0,-13.901129333333335,2.7806728566433145,-4.0,-16.8804,-7.521677566016869,2.3819186021460785,0.40000000000000036,-9.200000467789092
53,1848.0,0.0,0.0,5736.0,5736.0,46.0,2868.0,0.8169490000000735,-105.0,-105.0,0.0,204.36264157295227,,,,,,,,,487506.3388888889,204529.17749054785,1194905.25,120290.84375,0.00025,0.0,0.00025,0.00025,125084680.0,43460656.0,228099900.0,62823068.0,-6.523036956521739,26.04333073678122,96.01,-16.8804,-7.249374880038033,3.031538499684668,7.199999999999999,-9.2
54,1855.0,0.0,0.0,5750.0,5750.0,7.0,2875.0,0.8162560000000738,75.0,75.0,1.0,205.07991433143616,,,,,,,,,1054614.9583333333,258504.5265402555,1316906.375,626330.0625,0.00025,0.0,0.00025,0.00025,158280080.0,31428856.0,213612210.0,123094380.0,33.50832857142857,52.47754106975436,99.0,-11.8804,-7.49461968062348,2.717965472365824,5.200000000000001,-9.2
55,1930.0,0.0,0.0,5900.0,5900.0,75.0,2950.0,0.8088310000000768,-360.0,-360.0,0.0,212.54501366615295,,,,,,,,,417348.0755912162,238145.88777075338,1201883.75,124633.7734375,0.00025000000000000006,5.421010862427522e-20,0.00025,0.00025,148553740.0,55284516.0,278834980.0,64642110.0,-14.099135999999998,2.711127282128967,-4.0,-16.8804,-6.726442181025546,3.812687564157231,10.0,-9.20000000000096
56,1968.0,0.0,0.0,5976.0,5976.0,38.0,2988.0,0.8050690000000783,-74.0,-74.0,0.0,216.35701847076416,,,,,,,,,638296.347972973,301272.2599160974,1422865.0,233764.875,0.00025000000000000006,5.421010862427522e-20,0.00025,0.00025,170383410.0,47501016.0,284695140.0,88549720.0,-5.473331578947369,29.247523515982515,99.0,-16.8804,-6.854100396455336,2.9864363102301295,5.200000000000001,-9.2
57,1974.0,0.0,0.0,5988.0,5988.0,6.0,2994.0,0.8044750000000785,72.0,72.0,1.0,216.99471378326416,,,,,,,,,1770655.4875,582229.2062189786,2662419.0,933567.4375,0.00025,0.0,0.00025,0.00025,241117020.0,36706276.0,293632350.0,198232960.0,37.608,54.51339227385628,97.0,-16.8804,-5.754320988107463,2.7446715791680907,2.4000000953674316,-9.600000381469727
58,2002.0,0.0,0.0,6042.0,6042.0,75.0,3021.0,0.05,,,0.0,220.21455574035645,,,,,,,,,,,,,,,,,,,,,,,,,5.562498278961862,7.757807581825977,10.0,-8.0
59,2030.0,0.0,0.0,6100.0,6100.0,29.0,3050.0,0.7989310000000808,-33.0,-33.0,0.0,223.0639786720276,-350.0,-350.0,0.0,,,,,,1258032.0792410714,846367.1101706616,4751190.0,399734.84375,0.00025000000000000006,5.421010862427522e-20,0.00025,0.00025,211720450.0,60399788.0,299854270.0,101610070.0,-2.9728448275862083,33.05756783931252,99.0,-16.8804,-4.5777530590816085,6.004076762961063,10.0,-9.2
60,2035.0,0.0,0.0,6110.0,6110.0,5.0,3055.0,0.798436000000081,83.0,83.0,0.0,223.58089780807495,,,,,,,,,1597264.625,709370.0273260401,2647577.75,646144.25,0.00025,0.0,0.00025,0.00025,265954670.0,33826736.0,310519360.0,224631970.0,51.66382,51.9785792598605,99.0,-11.8804,-2.367187499999999,1.6159898947220404,-0.7999999999999989,-8.8
61,2110.0,0.0,0.0,6260.0,6260.0,75.0,3130.0,0.791011000000084,-355.0,-355.0,0.0,231.0388686656952,,,,,,,,,614965.6875,413091.7052369468,1899244.5,173660.375,0.00025000000000000006,5.421010862427522e-20,0.00025,0.00025,173462480.0,63053800.0,333841000.0,75922210.0,-13.901129333333332,2.7806728566433145,-4.0,-16.8804,-5.769485140861863,4.815478876472843,10.0,-9.200000000006746
62,2122.0,0.0,0.0,6284.0,6284.0,12.0,3142.0,0.7898230000000844,48.0,48.0,0.0,232.2440025806427,,,,,,,,,1253925.0056818181,396012.2875377995,2047899.375,629169.8125,0.00025000000000000006,5.421010862427522e-20,0.00025,0.00025,241976590.0,43055096.0,339249100.0,177014110.0,12.8638,45.80535342339001,97.0,-16.8804,-6.215479430581625,4.506518594637206,9.600000000000001,-9.2
63,2197.0,0.0,0.0,6434.0,6434.0,75.0,3217.0,0.7823980000000874,-370.0,-370.0,1.0,239.62006878852844,,,,,,,,,825026.6982685811,373600.21845937066,1990684.5,208484.1875,0.00025000000000000006,5.421010862427522e-20,0.00025,0.00025,214410780.0,68529650.0,369229400.0,90041704.0,-14.429809333333333,2.817179079394769,-4.0,-16.8804,-6.187503862904284,4.750061897943829,10.0,-9.200000000095903
64,2272.0,0.0,0.0,6584.0,6584.0,75.0,3292.0,0.7749730000000904,-345.0,-345.0,1.0,247.0824465751648,,,,,,,,,759032.9634712838,575496.1008211214,3019898.5,201508.546875,0.00025000000000000006,5.421010862427522e-20,0.00025,0.00025,209169840.0,70441180.0,379162370.0,71113260.0,-13.505116,2.686135232437861,-4.0,-16.8804,-7.170205831181663,2.6542229287171555,-0.7999999999999989,-9.20000004482237
65,2341.0,0.0,0.0,6722.0,6722.0,69.0,3361.0,0.7681420000000931,-223.0,-223.0,0.0,253.9585120677948,,,,,,,,,659116.2320772059,265766.52199951914,1337186.5,142045.390625,0.00025,0.0,0.00025,0.00025,233146820.0,79362980.0,417108450.0,103697270.0,-9.427992753623187,22.204057012459597,99.0,-16.8804,-6.9296038505614925,3.077385467914183,10.0,-9.2
66,2365.0,0.0,0.0,6770.0,6770.0,24.0,3385.0,0.7657660000000941,-8.0,-8.0,1.0,256.3628406524658,,,,,,,,,733680.4972826086,195554.6974190514,1107818.25,262480.75,0.00025000000000000006,5.421010862427522e-20,0.00025,0.00025,274304420.0,94376610.0,493848700.0,130594950.0,-0.49833333333333246,35.82917839592784,99.0,-16.8804,-6.306755634718008,5.1621699172520605,10.0,-10.0
67,2440.0,0.0,0.0,6920.0,6920.0,75.0,3460.0,0.7583410000000971,-350.0,-350.0,0.0,263.7907099723816,,,,,,,,,1212490.2039695946,985624.8913362585,5554483.0,297512.3125,0.00025000000000000006,5.421010862427522e-20,0.00025,0.00025,276957150.0,88478980.0,490819330.0,126866060.0,-13.703122666666665,2.438180848779042,-9.0,-16.8804,-6.6784611469161455,4.014372328265781,10.0,-9.2
68,2499.0,0.0,0.0,7036.0,7036.0,75.0,3518.0,0.05,,,0.0,270.1061997413635,,,,,,,,,,,,,,,,,,,,,,,,,-8.040540550206158,0.17546769413885033,-8.0,-8.800000190734863
69,2573.0,0.0,0.0,7186.0,7186.0,75.0,3593.0,0.7451740000001024,-355.0,-355.0,1.0,278.594402551651,-340.0,-340.0,0.0,,,,,,1074703.5527871621,423954.19987200445,2282304.0,275676.28125,0.00025000000000000006,5.421010862427522e-20,0.00025,0.00025,309995620.0,87624640.0,516440640.0,140972100.0,-13.835789333333333,2.7697910497640237,-4.0,-16.8804,-6.732834034783142,3.8566618240292003,10.0,-9.200000000201497
70,2648.0,0.0,0.0,7336.0,7336.0,75.0,3668.0,0.7377490000001053,-350.0,-350.0,0.0,287.04764223098755,,,,,,,,,876181.2947635135,311316.26697419025,1997186.125,228955.09375,0.00025000000000000006,5.421010862427522e-20,0.00025,0.00025,353949220.0,104889960.0,630070460.0,141047840.0,-13.703122666666665,2.7409740333233534,-4.0,-16.8804,-7.030899588296682,2.944340662778042,8.400000000000002,-9.2
71,2707.0,0.0,0.0,7454.0,7454.0,59.0,3727.0,0.7319080000001077,-170.0,-170.0,0.0,292.8628923892975,,,,,,,,,1132479.7137998384,491533.93526293815,2392422.0,23971.400390625,0.00025,0.0,0.00025,0.00025,366340740.0,120247176.0,691793800.0,148821520.0,-8.357901694915252,23.373860080182805,97.0,-16.8804,-7.093423898598144,2.9232990538536074,8.0,-9.2
72,2719.0,0.0,0.0,7478.0,7478.0,12.0,3739.0,0.7307200000001082,43.0,43.0,0.0,294.02192902565,,,,,,,,,1525618.7159090908,830881.8895570444,3690579.75,589638.9375,0.00025000000000000006,5.421010862427522e-20,0.00025,0.00025,376700030.0,153935230.0,651469700.0,205582510.0,11.626258333333332,46.51848342221004,97.0,-16.8804,-3.461064425521687,7.601619463606971,10.0,-9.200000000111103
73,2758.0,0.0,0.0,7556.0,7556.0,39.0,3778.0,0.7268590000001097,-88.0,-88.0,1.0,297.7216830253601,,,,,,,,,1627221.1949013157,856231.8744646973,3920470.0,420170.3125,0.00025000000000000006,5.421010862427522e-20,0.00025,0.00025,406196830.0,122607576.0,731258940.0,174840300.0,-6.273525641025643,29.072308317275517,99.0,-16.8804,-6.033643589029551,5.132152146130187,10.0,-9.2
74,2833.0,0.0,0.0,7706.0,7706.0,75.0,3853.0,0.7194340000001127,-350.0,-350.0,1.0,305.24909377098083,,,,,,,,,1324356.242820946,1067172.3804662828,6661036.0,357995.65625,0.00025000000000000006,5.421010862427522e-20,0.00025,0.00025,393250940.0,145953760.0,752614500.0,136110720.0,-13.703122666666665,2.7409740333233534,-4.0,-16.8804,-6.618581799431633,4.303531971155068,10.0,-9.200000002231574
75,2908.0,0.0,0.0,7856.0,7856.0,75.0,3928.0,0.7120090000001157,-355.0,-355.0,0.0,312.71443819999695,,,,,,,,,1032662.3209459459,426479.2195262205,2243500.5,305581.0,0.00025000000000000006,5.421010862427522e-20,0.00025,0.00025,429139800.0,137681890.0,780337860.0,205265390.0,-13.835789333333333,2.7697910497640237,-4.0,-16.8804,-7.113968300244406,2.764807240968764,-0.7999999999999989,-9.200000000000182
