Episode #,Training Iter,Epoch,In Heatup,ER #Transitions,ER #Episodes,Episode Length,Total steps,Epsilon,Shaped Training Reward,Training Reward,Update Target Network,Wall-Clock Time,Evaluation Reward,Shaped Evaluation Reward,Success Rate,Inverse Propensity Score,Direct Method Reward,Doubly Robust,Weighted Importance Sampling,Sequential Doubly Robust,Loss/Mean,Loss/Stdev,Loss/Max,Loss/Min,Learning Rate/Mean,Learning Rate/Stdev,Learning Rate/Max,Learning Rate/Min,Grads (unclipped)/Mean,Grads (unclipped)/Stdev,Grads (unclipped)/Max,Grads (unclipped)/Min,Discounted Return/Mean,Discounted Return/Stdev,Discounted Return/Max,Discounted Return/Min,Q/Mean,Q/Stdev,Q/Max,Q/Min
1,0.0,0.0,1.0,48.0,48.0,24.0,24.0,0.0,,,0.0,0.01654791831970215,,,,,,,,,,,,,,,,,,,,,-1.1171041666666663,36.06239251555882,99.0,-16.8804,,,,
2,0.0,0.0,1.0,162.0,162.0,57.0,81.0,0.0,,,0.0,0.343029260635376,,,,,,,,,,,,,,,,,,,,,-8.651161403508771,24.338787403524215,99.0,-16.8804,,,,
3,0.0,0.0,1.0,178.0,178.0,8.0,89.0,0.0,,,0.0,0.4109516143798828,,,,,,,,,,,,,,,,,,,,,25.978425,52.80316674170096,99.0,-16.8804,,,,
4,0.0,0.0,1.0,328.0,328.0,75.0,164.0,0.0,,,0.0,0.7771766185760498,,,,,,,,,,,,,,,,,,,,,-14.099135999999998,2.510919819489265,-9.0,-16.8804,,,,
5,0.0,0.0,1.0,478.0,478.0,75.0,239.0,0.0,,,0.0,1.137357473373413,,,,,,,,,,,,,,,,,,,,,-13.703122666666667,2.6439021637255964,-4.0,-16.8804,,,,
6,0.0,0.0,1.0,628.0,628.0,75.0,314.0,0.0,,,0.0,1.5022516250610352,,,,,,,,,,,,,,,,,,,,,-14.495149333333336,2.5201304942600804,-9.0,-16.8804,,,,
7,0.0,0.0,1.0,778.0,778.0,75.0,389.0,0.0,,,0.0,1.8731324672698975,,,,,,,,,,,,,,,,,,,,,-13.901129333333335,2.7806728566433145,-4.0,-16.8804,,,,
8,0.0,0.0,1.0,928.0,928.0,75.0,464.0,0.0,,,0.0,2.2350735664367676,,,,,,,,,,,,,,,,,,,,,-14.495149333333336,2.8141198460796866,-4.0,-16.8804,,,,
9,0.0,0.0,1.0,1078.0,1078.0,75.0,539.0,0.0,,,0.0,2.59861421585083,,,,,,,,,,,,,,,,,,,,,-13.703122666666665,2.7409740333233534,-4.0,-16.8804,,,,
10,0.0,0.0,1.0,1228.0,1228.0,75.0,614.0,0.0,,,0.0,2.964869976043701,,,,,,,,,,,,,,,,,,,,,-13.043762666666664,2.4941830720176807,-4.0,-16.8804,,,,
11,0.0,0.0,1.0,1288.0,1288.0,30.0,644.0,0.0,,,0.0,3.142270565032959,,,,,,,,,,,,,,,,,,,,,-2.2797300000000007,32.18698072898575,99.0,-16.8804,,,,
12,0.0,0.0,1.0,1356.0,1356.0,34.0,678.0,0.0,,,0.0,3.325895071029663,,,,,,,,,,,,,,,,,,,,,-4.575426470588237,30.787433163160323,99.0,-16.8804,,,,
13,0.0,0.0,1.0,1384.0,1384.0,14.0,692.0,0.0,,,0.0,3.4195196628570557,,,,,,,,,,,,,,,,,,,,,7.5574499999999984,44.20590600014809,97.0,-16.8804,,,,
14,0.0,0.0,1.0,1392.0,1392.0,4.0,696.0,0.0,,,0.0,3.4742934703826904,,,,,,,,,,,,,,,,,,,,,67.549875,45.99328385782945,99.0,-11.8804,,,,
15,0.0,0.0,1.0,1542.0,1542.0,75.0,771.0,0.0,,,0.0,3.8407676219940186,,,,,,,,,,,,,,,,,,,,,-14.099135999999998,2.711127282128967,-4.0,-16.8804,,,,
16,0.0,0.0,1.0,1560.0,1560.0,9.0,780.0,0.0,,,0.0,3.919670820236206,,,,,,,,,,,,,,,,,,,,,23.421944444444446,49.979888485205535,99.0,-11.8804,,,,
17,0.0,0.0,1.0,1578.0,1578.0,9.0,789.0,0.0,,,0.0,3.9964754581451416,,,,,,,,,,,,,,,,,,,,,21.77188888888889,51.185318489136336,99.0,-16.8804,,,,
18,0.0,0.0,1.0,1590.0,1590.0,6.0,795.0,0.0,,,0.0,4.057767868041992,,,,,,,,,,,,,,,,,,,,,41.07311666666667,53.03104974479312,99.0,-11.8804,,,,
19,0.0,0.0,1.0,1618.0,1618.0,14.0,809.0,0.0,,,0.0,4.152820110321045,,,,,,,,,,,,,,,,,,,,,9.042499999999999,44.475092921223094,99.0,-16.8804,,,,
20,0.0,0.0,1.0,1768.0,1768.0,75.0,884.0,0.0,,,0.0,4.513601541519165,,,,,,,,,,,,,,,,,,,,,-14.693155999999998,2.7972880209345625,-4.0,-16.8804,,,,
21,0.0,0.0,1.0,1786.0,1786.0,9.0,893.0,0.0,,,0.0,4.5898473262786865,,,,,,,,,,,,,,,,,,,,,21.77188888888889,51.185318489136336,99.0,-16.8804,,,,
22,0.0,0.0,1.0,1840.0,1840.0,27.0,920.0,0.0,,,0.0,4.741900444030762,,,,,,,,,,,,,,,,,,,,,-2.3130259259259267,34.16779788221211,99.0,-16.8804,,,,
23,0.0,0.0,1.0,1990.0,1990.0,75.0,995.0,0.0,,,0.0,5.108565807342529,,,,,,,,,,,,,,,,,,,,,-14.297142666666666,2.816967778311677,-4.0,-16.8804,,,,
24,0.0,0.0,1.0,2140.0,2140.0,75.0,1070.0,0.0,,,1.0,5.4750025272369385,,,,,,,,,,,,,,,,,,,,,-14.099135999999998,2.805874398454785,-4.0,-16.8804,,,,
25,74.0,0.0,0.0,2290.0,2290.0,75.0,1145.0,0.0,-315.0,-315.0,0.0,18.902191877365112,,,,,,,,,111153671.77039069,869851097.7424731,7519150080.0,414.8265380859375,0.44440999999999997,5.551115123125783e-17,0.44441,0.44441,52876252.0,270004800.0,1923068400.0,7.7096963,-12.317075999999998,1.9449798504416442,-4.0,-16.8804,-4.719965036533519,3.843275647483666,10.0,-9.2
26,149.0,0.0,0.0,2440.0,2440.0,75.0,1220.0,0.0,-350.0,-350.0,0.0,30.792256832122803,,,,,,,,,8861.582278277423,6719.413995580147,41395.91015625,307.5758972167969,0.44440999999999997,5.551115123125783e-17,0.44441,0.44441,3808.2368,1849.9745,8131.0034,486.25034,-13.703122666666665,2.7409740333233534,-4.0,-16.8804,-1.1364935433468566,5.827812013666277,10.0,-9.19991829484968
27,157.0,0.0,0.0,2456.0,2456.0,8.0,1228.0,0.0,71.0,71.0,0.0,32.064499616622925,,,,,,,,,4868.8812255859375,2777.184653143873,9872.5888671875,1446.0865478515625,0.44441,0.0,0.44441,0.44441,2131.4153,1109.1036,3541.2522,583.34766,27.8347375,51.332087690423656,99.0,-11.8804,-0.8294122372017877,4.419844213737693,10.0,-8.795194007916843
28,165.0,0.0,0.0,2472.0,2472.0,8.0,1236.0,0.0,71.0,71.0,1.0,33.32930016517639,,,,,,,,,4564.057242257254,3108.0513412177133,10736.2958984375,998.443115234375,0.44441,0.0,0.44441,0.44441,1937.5216,1237.9641,3541.6404,613.4408,27.8347375,51.332087690423656,99.0,-11.8804,-1.398588205056339,3.4438641793190237,9.99997415867749,-9.199999619480252
29,240.0,0.0,0.0,2622.0,2622.0,75.0,1311.0,0.0,-405.0,-405.0,1.0,45.25579857826233,,,,,,,,,1414.045090546479,2124.613531758879,14304.96484375,227.04937744140625,0.44440999999999997,5.551115123125783e-17,0.44441,0.44441,533.0575,899.6202,5651.291,26.634521,-15.881196,2.0107777535033553,-9.0,-16.8804,-0.2110303066813148,5.9058485664996265,9.999862846439578,-9.20000000000065
30,315.0,0.0,0.0,2772.0,2772.0,75.0,1386.0,0.0,-380.0,-380.0,0.0,57.28502297401428,,,,,,,,,309.8701559530722,100.69765586237774,863.90087890625,142.89114379882812,0.44440999999999997,5.551115123125783e-17,0.44441,0.44441,64.17685,47.739407,410.0736,25.175695,-14.825822666666665,2.778657092125539,-4.0,-16.8804,-3.2719287627297673,4.382483191590629,9.99947825561765,-8.914773949379894
31,376.0,0.0,0.0,2894.0,2894.0,61.0,1447.0,0.0,-161.0,-161.0,1.0,66.81238198280334,,,,,,,,,251.58148803710938,32.2939099214455,375.475341796875,197.91754150390625,0.44441000000000014,1.1102230246251565e-16,0.44441,0.44441,37.83411,44.958603,354.8641,10.753519,-7.645660655737704,23.223207206834434,99.0,-16.8804,-2.6919763180574625,2.347287326402199,7.874237784982108,-5.471654621324702
32,451.0,0.0,0.0,3044.0,3044.0,75.0,1522.0,0.0,-278.0,-278.0,1.0,78.61010408401489,,,,,,,,,268.0350160341005,16.539326049951367,295.48272705078125,216.47605895996094,0.44440999999999997,5.551115123125783e-17,0.44441,0.44441,17.604078,18.287275,128.79465,6.3091326,-10.851826666666666,21.34440388289373,98.0,-16.8804,-2.912718141644061,1.0729234632951261,3.3269068224859795,-5.736183103850336
33,526.0,0.0,0.0,3194.0,3194.0,75.0,1597.0,0.0,-375.0,-375.0,0.0,90.57088685035706,,,,,,,,,294.31745127085094,17.6976251411135,426.66375732421875,270.6307373046875,0.44440999999999997,5.551115123125783e-17,0.44441,0.44441,22.986732,53.851643,363.03925,8.832479,-14.627816,2.8049818610008876,-4.0,-16.8804,-2.929158241719321,1.1855134164475172,9.396112463911017,-4.9734123893518065
34,547.0,0.0,0.0,3234.0,3234.0,75.0,1617.0,0.0,,,0.0,94.7297260761261,,,,,,,,,,,,,,,,,,,,,,,,,-2.006990073364957,0.9945341959748837,0.8538689370621269,-4.663093595039651
35,621.0,0.0,0.0,3384.0,3384.0,75.0,1692.0,0.0,-355.0,-355.0,1.0,106.49094271659851,-375.0,-375.0,0.0,,,,,,300.66054122512406,140.12664460911918,1270.720458984375,159.10931396484375,0.44440999999999997,5.551115123125783e-17,0.44441,0.44441,48.803608,106.774475,725.2174,9.426683,-13.901129333333332,2.4827260693988955,-9.0,-16.8804,-2.6964318409956234,1.7838105501228145,8.680636237988129,-8.73234336841683
36,696.0,0.0,0.0,3534.0,3534.0,75.0,1767.0,0.0,-355.0,-355.0,1.0,118.45837593078613,,,,,,,,,249.43514643488703,43.571802268259106,386.9776611328125,137.46878051757812,0.44440999999999997,5.551115123125783e-17,0.44441,0.44441,40.632248,56.560654,513.19073,13.44486,-13.901129333333332,2.7806728566433145,-4.0,-16.8804,-1.9964680957468663,3.162544333909799,7.167633308629765,-6.901016407498537
37,718.0,0.0,0.0,3578.0,3578.0,22.0,1789.0,0.0,15.0,15.0,0.0,121.96824836730957,,,,,,,,,296.65681602841335,69.12213181391557,439.1568603515625,191.73974609375,0.44441,0.0,0.44441,0.44441,59.86226,74.52187,378.84726,22.186548,2.5614681818181806,36.37538924604465,99.0,-11.8804,-4.376000120181902,3.6288277233918023,7.190183374269116,-9.865872505440985
38,793.0,0.0,0.0,3728.0,3728.0,75.0,1864.0,0.0,-365.0,-365.0,1.0,133.9653980731964,,,,,,,,,293.6969538508235,41.36762452414827,379.2313232421875,193.9456024169922,0.44440999999999997,5.551115123125783e-17,0.44441,0.44441,29.368671,14.087064,63.8465,11.92795,-14.297142666666666,2.816967778311677,-4.0,-16.8804,-3.7935476591381234,2.9224184080018314,8.38545391103553,-9.595645221462343
39,868.0,0.0,0.0,3878.0,3878.0,75.0,1939.0,0.0,-365.0,-365.0,1.0,146.8068950176239,,,,,,,,,297.70157788250896,24.319764962378986,345.20330810546875,230.93324279785156,0.44440999999999997,5.551115123125783e-17,0.44441,0.44441,30.638273,78.486694,689.6977,10.394113,-14.297142666666666,2.816967778311677,-4.0,-16.8804,-2.6153363853615303,1.8263048654887297,6.425201150678165,-6.052835205269417
40,901.0,0.0,0.0,3944.0,3944.0,33.0,1972.0,0.0,-54.0,-54.0,0.0,153.54903197288513,,,,,,,,,303.5608606338501,17.281571472304137,337.83709716796875,250.0780029296875,0.44441,0.0,0.44441,0.44441,28.969618,19.159876,100.661835,11.255999,-4.354063636363637,31.223760231338765,99.0,-16.8804,-3.3205665678124947,1.9330401299181066,4.313053987151213,-6.89270577326106
41,976.0,0.0,0.0,4094.0,4094.0,75.0,2047.0,0.0,-365.0,-365.0,1.0,167.0348072052002,,,,,,,,,302.3572954744906,24.736605431882044,416.9385986328125,250.9876251220703,0.44440999999999997,5.551115123125783e-17,0.44441,0.44441,20.205984,12.819895,84.28367,9.399294,-14.231802666666665,2.8154323664627823,-4.0,-16.8804,-2.904744076804388,1.8862984648243353,4.780076148870638,-6.984677337016916
42,1051.0,0.0,0.0,4244.0,4244.0,75.0,2122.0,0.0,-335.0,-335.0,1.0,179.2844638824463,,,,,,,,,267.7369341463656,48.33024736514821,376.1142883300781,137.21090698242188,0.44440999999999997,5.551115123125783e-17,0.44441,0.44441,30.853119,35.361217,305.99655,10.417181,-13.109102666666667,2.4211836604973938,-4.0,-16.8804,-3.0454538660891934,2.5587950843933767,8.177862431551773,-7.021660371089457
43,1102.0,0.0,0.0,4346.0,4346.0,51.0,2173.0,0.0,-121.0,-121.0,0.0,187.77621173858643,,,,,,,,,280.38512237548827,44.28169657413823,420.8062744140625,187.64212036132812,0.4444100000000001,5.551115123125783e-17,0.44441,0.44441,42.830475,104.378006,770.9476,13.998946,-6.719231372549022,25.286490598236483,99.0,-16.8804,-2.479698794580127,2.1496407631138847,5.134489605543422,-7.139744411058098
44,1178.0,0.0,0.0,4496.0,4496.0,75.0,2248.0,0.0,,,0.0,201.42121696472168,,,,,,,,,,,,,,,,,,,,,,,,,-1.094696430122329,2.1091549060249952,3.443446624975432,-4.22833194745304
45,1233.0,0.0,0.0,4608.0,4608.0,56.0,2304.0,0.0,-151.0,-151.0,1.0,211.22002935409546,-300.0,-300.0,0.0,,,,,,289.5212185946378,35.33730818739836,357.61920166015625,215.44769287109375,0.4444100000000002,1.6653345369377348e-16,0.44441,0.44441,22.51299,8.146116,50.412342,10.279408,-7.797933928571427,24.350851316647145,99.0,-16.8804,-3.4262088090188283,2.334548260141408,2.01391991696928,-9.866633124812687
46,1263.0,0.0,0.0,4668.0,4668.0,30.0,2334.0,0.0,-27.0,-27.0,1.0,216.103924036026,,,,,,,,,281.02881227690597,19.36711906225793,308.8585205078125,222.28274536132812,0.44440999999999997,5.551115123125783e-17,0.44441,0.44441,24.016817,8.50458,50.236553,13.925106,-2.279729999999999,32.18698072898575,99.0,-16.8804,-1.645420335459726,1.7731652175055805,4.416444454679299,-5.355441390603664
47,1332.0,0.0,0.0,4806.0,4806.0,69.0,2403.0,0.0,-218.0,-218.0,1.0,226.89168429374695,,,,,,,,,271.15824441348803,21.015919631630407,329.6962585449219,213.56411743164062,0.4444100000000001,5.551115123125783e-17,0.44441,0.44441,25.261076,18.83101,160.28662,11.907998,-9.141746376811595,22.13867010110105,99.0,-16.8804,-2.579186302171832,3.072321901779726,8.511323614661684,-7.747492884293017
48,1407.0,0.0,0.0,4956.0,4956.0,75.0,2478.0,0.0,-350.0,-350.0,0.0,238.94522738456726,,,,,,,,,292.3907759382918,49.12152176589752,674.0811767578125,231.46331787109375,0.44440999999999997,5.551115123125783e-17,0.44441,0.44441,41.142914,156.9604,1379.4529,10.6530695,-13.637782666666666,2.725190647245233,-4.0,-16.8804,-2.60749592472744,1.3959148546480933,3.1115255444986576,-6.131351818826869
49,1455.0,0.0,0.0,5052.0,5052.0,48.0,2526.0,0.0,-104.0,-104.0,1.0,248.2591269016266,,,,,,,,,259.33026999615606,26.201257429875906,328.4051208496094,209.26773071289062,0.44441000000000025,2.220446049250313e-16,0.44441,0.44441,25.46179,11.37689,77.956024,12.97357,-6.087272916666666,25.934149325557378,99.0,-16.8804,-3.2825151140466238,1.9889045374024008,4.171436526860544,-7.028076354338939
50,1513.0,0.0,0.0,5168.0,5168.0,58.0,2584.0,0.0,-164.0,-164.0,0.0,259.102281332016,,,,,,,,,278.8662034419545,21.417072138029503,333.62860107421875,235.24905395507812,0.4444100000000001,5.551115123125783e-17,0.44441,0.44441,26.375673,10.739655,79.012794,14.497042,-8.19475172413793,24.006088524323772,99.0,-16.8804,-2.8969338978873895,1.7330857213614992,4.552920426702686,-6.9963763312960054
51,1562.0,0.0,0.0,5266.0,5266.0,49.0,2633.0,0.0,-133.0,-133.0,1.0,266.77485942840576,,,,,,,,,251.95624287923178,36.055219367839875,332.33099365234375,162.80496215820312,0.44441,0.0,0.44441,0.44441,32.193523,11.950589,78.07605,14.872781,-7.820867346938776,26.138887960086485,99.0,-16.8804,-2.9493646510845615,1.7757820196677192,4.480157945178325,-8.058763506471143
52,1637.0,0.0,0.0,5416.0,5416.0,75.0,2708.0,0.0,-325.0,-325.0,1.0,278.8704800605774,,,,,,,,,219.56926789154878,42.65577855512932,321.6382751464844,109.45704650878906,0.44440999999999997,5.551115123125783e-17,0.44441,0.44441,37.98756,47.03765,402.60535,15.461951,-12.71308933333333,2.2892629880421245,-4.0,-16.8804,-1.2851792646749463,3.5445447643873442,9.609517227089945,-7.1223842119207745
53,1712.0,0.0,0.0,5566.0,5566.0,75.0,2783.0,0.0,-330.0,-330.0,0.0,290.8277289867401,,,,,,,,,240.7337978466137,34.14909028107404,313.5169677734375,177.87728881835938,0.44440999999999997,5.551115123125783e-17,0.44441,0.44441,27.674913,26.42996,239.25337,11.92259,-12.845755999999996,2.023364742418925,-9.0,-16.8804,-3.117138860985581,1.3506927980673862,2.8658961653167356,-6.621348153072163
54,1757.0,0.0,0.0,5654.0,5654.0,75.0,2827.0,0.0,,,0.0,301.1777927875519,,,,,,,,,,,,,,,,,,,,,,,,,-2.525833693114575,0.639001087450109,-1.0013089940968927,-4.186448422856603
55,1831.0,0.0,0.0,5804.0,5804.0,75.0,2902.0,0.0,-350.0,-350.0,1.0,313.52595043182373,-340.0,-340.0,0.0,,,,,,266.0923934111724,13.362337746336861,300.67706298828125,231.04676818847656,0.44440999999999997,5.551115123125783e-17,0.44441,0.44441,18.8001,7.5647635,59.81163,11.120746,-13.703122666666665,2.7409740333233534,-4.0,-16.8804,-2.78472276333155,1.2322804757765677,2.537923493640906,-5.6047447381972155
56,1833.0,0.0,0.0,5808.0,5808.0,2.0,2904.0,0.0,95.0,95.0,1.0,313.82968974113464,,,,,,,,,269.07452392578125,0.0,269.07452392578125,269.07452392578125,0.44441,0.0,0.44441,0.44441,16.449026,0.0,16.449026,16.449026,96.505,2.4949999999999974,99.0,94.01,-2.0903888856423993,1.5842353317553362,1.4126459515547198,-3.6095611231775004
57,1908.0,0.0,0.0,5958.0,5958.0,75.0,2979.0,0.0,-315.0,-315.0,0.0,324.1901218891144,,,,,,,,,255.28712092219172,32.670789761054074,321.588134765625,172.53863525390625,0.44440999999999997,5.551115123125783e-17,0.44441,0.44441,24.015333,8.815306,57.69632,11.324151,-12.251736,1.874978253928296,-4.0,-16.8804,-1.5821910920237083,2.1842735037909877,4.6770338280492965,-7.043280825516087
58,1963.0,0.0,0.0,6068.0,6068.0,55.0,3034.0,0.0,-147.0,-147.0,1.0,332.988867521286,,,,,,,,,275.55712551540796,34.63750509205951,363.0677490234375,211.3450164794922,0.4444100000000002,1.6653345369377348e-16,0.44441,0.44441,38.092354,77.68844,598.0725,12.814083,-7.634607272727275,24.540808653082724,99.0,-16.8804,-2.5674289764786744,2.426601105293413,4.525570869187676,-9.137656823148049
59,2021.0,0.0,0.0,6184.0,6184.0,58.0,3092.0,0.0,-159.0,-159.0,0.0,340.99150133132935,,,,,,,,,271.4684258176569,32.531201840506455,354.7210693359375,167.33065795898438,0.4444100000000001,5.551115123125783e-17,0.44441,0.44441,29.113045,12.990913,71.38272,11.331192,-7.9387086206896536,23.938918462154557,99.0,-16.8804,-1.7092665700677172,2.9609930449117656,7.961945848727043,-7.36421570089305
60,2096.0,0.0,0.0,6334.0,6334.0,75.0,3167.0,0.0,-365.0,-365.0,0.0,351.6958038806915,,,,,,,,,256.2270938770191,41.15373089968815,372.4825744628906,149.7012939453125,0.44440999999999997,5.551115123125783e-17,0.44441,0.44441,29.11566,11.52779,67.17934,13.898218,-14.231802666666669,2.8154323664627827,-4.0,-16.8804,-3.398315867474237,1.9963469663397426,2.117164391190909,-8.398499521132022
61,2171.0,0.0,0.0,6484.0,6484.0,75.0,3242.0,0.0,-350.0,-350.0,1.0,362.24272537231445,,,,,,,,,248.69534116177945,37.088072861477514,298.81634521484375,166.16702270507812,0.44440999999999997,5.551115123125783e-17,0.44441,0.44441,29.747206,20.967436,159.93167,11.223164,-13.703122666666665,2.7409740333233534,-4.0,-16.8804,-1.6506952928819898,3.5196207842150136,8.940353673101834,-7.788052155830599
62,2246.0,0.0,0.0,6634.0,6634.0,75.0,3317.0,0.0,-345.0,-345.0,1.0,372.4007029533386,,,,,,,,,293.0502191492029,19.106387009637338,341.03009033203125,243.58395385742188,0.44440999999999997,5.551115123125783e-17,0.44441,0.44441,21.771704,8.342404,51.42524,9.520244,-13.505116,2.686135232437861,-4.0,-16.8804,-2.365468182720738,2.2506192508969636,5.443822444201009,-6.275336410758655
63,2321.0,0.0,0.0,6784.0,6784.0,75.0,3392.0,0.0,-375.0,-375.0,0.0,382.5669765472412,,,,,,,,,275.7134642729888,26.85770251583868,364.46490478515625,214.8133544921875,0.44440999999999997,5.551115123125783e-17,0.44441,0.44441,24.064398,11.79419,87.21602,10.236266,-14.627816,2.7102035422720565,-4.0,-16.8804,-1.5432362606993446,2.759578983426933,8.04325682773545,-6.618039646304189
64,2397.0,0.0,0.0,6934.0,6934.0,75.0,3467.0,0.0,,,0.0,394.35530400276184,,,,,,,,,,,,,,,,,,,,,,,,,-4.287561880223557,1.3713886523358214,-2.4418164934976256,-7.882316483522731
65,2405.0,0.0,0.0,6952.0,6952.0,9.0,3476.0,0.0,60.0,60.0,1.0,395.52064633369446,-320.0,-320.0,0.0,,,,,,193.8676300048828,35.801247934078724,239.1788330078125,128.7784423828125,0.44441,0.0,0.44441,0.44441,44.64383,10.173878,57.17872,25.161312,21.111866666666668,50.25320674382659,97.0,-16.8804,-4.062091804856207,2.1194804208456683,0.020758569389363934,-7.945931113737274
66,2480.0,0.0,0.0,7102.0,7102.0,75.0,3551.0,0.0,-365.0,-365.0,0.0,406.29618787765503,,,,,,,,,243.6591046307538,38.63064799571496,329.5709533691406,148.65892028808594,0.44440999999999997,5.551115123125783e-17,0.44441,0.44441,27.038029,9.866557,69.8748,12.373025,-14.231802666666665,2.8154323664627823,-4.0,-16.8804,-3.0313758434294633,1.962394871786891,2.9120484042113275,-7.398854016940652
67,2493.0,0.0,0.0,7128.0,7128.0,13.0,3564.0,0.0,44.0,44.0,1.0,408.059871673584,,,,,,,,,266.9635976155599,7.31771968236884,274.11614990234375,246.90963745117188,0.44441000000000014,1.1102230246251565e-16,0.44441,0.44441,17.25913,2.8914256,22.949102,12.806711,10.9604,44.49956106115413,97.0,-16.8804,-3.022315193874123,1.276683505220472,0.733328394792784,-4.916434964991641
68,2567.0,0.0,0.0,7276.0,7276.0,74.0,3638.0,0.0,-255.0,-255.0,0.0,417.90003776550293,,,,,,,,,271.85920464502624,15.552437243248953,300.80126953125,221.95021057128906,0.44440999999999997,5.551115123125783e-17,0.44441,0.44441,20.260094,15.530004,114.626045,8.896972,-10.075333783783783,21.146991957200736,97.0,-16.8804,-3.200877380022539,1.3434319103298629,5.796484101765598,-6.137123434853333
69,2576.0,0.0,0.0,7294.0,7294.0,9.0,3647.0,0.0,67.0,67.0,1.0,419.1269679069519,,,,,,,,,277.6506996154785,12.428577830931992,308.3896179199219,265.65673828125,0.44441,0.0,0.44441,0.44441,20.178406,3.4935174,24.687912,14.642285,23.421944444444446,49.979888485205535,99.0,-11.8804,-3.394373227580284,1.2150319500777838,-1.1802408454270101,-5.714243508990785
70,2651.0,0.0,0.0,7444.0,7444.0,75.0,3722.0,0.0,-355.0,-355.0,0.0,429.74080204963684,,,,,,,,,263.916784338049,22.275218239808982,305.4398193359375,199.6591796875,0.44440999999999997,5.551115123125783e-17,0.44441,0.44441,29.156733,51.667225,464.54486,12.327744,-13.901129333333332,2.7806728566433145,-4.0,-16.8804,-2.2001043982901387,2.330701191929525,6.475276036743639,-6.552244960419424
