Episode #,Training Iter,Epoch,In Heatup,ER #Transitions,ER #Episodes,Episode Length,Total steps,Epsilon,Shaped Training Reward,Training Reward,Update Target Network,Wall-Clock Time,Evaluation Reward,Shaped Evaluation Reward,Success Rate,Inverse Propensity Score,Direct Method Reward,Doubly Robust,Weighted Importance Sampling,Sequential Doubly Robust,Loss/Mean,Loss/Stdev,Loss/Max,Loss/Min,Learning Rate/Mean,Learning Rate/Stdev,Learning Rate/Max,Learning Rate/Min,Grads (unclipped)/Mean,Grads (unclipped)/Stdev,Grads (unclipped)/Max,Grads (unclipped)/Min,Discounted Return/Mean,Discounted Return/Stdev,Discounted Return/Max,Discounted Return/Min,Q/Mean,Q/Stdev,Q/Max,Q/Min
1,0.0,0.0,1.0,150.0,150.0,75.0,75.0,0.0,,,0.0,0.019042015075683594,,,,,,,,,,,,,,,,,,,,,-14.297142666666666,2.816967778311677,-4.0,-16.8804,,,,
2,0.0,0.0,1.0,300.0,300.0,75.0,150.0,0.0,,,0.0,0.4808766841888428,,,,,,,,,,,,,,,,,,,,,-14.099135999999998,2.805874398454785,-4.0,-16.8804,,,,
3,0.0,0.0,1.0,450.0,450.0,75.0,225.0,0.0,,,0.0,0.9110116958618164,,,,,,,,,,,,,,,,,,,,,-14.033795999999999,2.799715623913258,-4.0,-16.8804,,,,
4,0.0,0.0,1.0,600.0,600.0,75.0,300.0,0.0,,,0.0,1.3079333305358887,,,,,,,,,,,,,,,,,,,,,-14.033796000000002,2.799715623913258,-4.0,-16.8804,,,,
5,0.0,0.0,1.0,750.0,750.0,75.0,375.0,0.0,,,0.0,1.709061622619629,,,,,,,,,,,,,,,,,,,,,-14.297142666666666,2.5233102591727055,-9.0,-16.8804,,,,
6,0.0,0.0,1.0,800.0,800.0,25.0,400.0,0.0,,,0.0,1.8704235553741455,,,,,,,,,,,,,,,,,,,,,-1.785244,34.7549236021152,97.0,-16.8804,,,,
7,0.0,0.0,1.0,950.0,950.0,75.0,475.0,0.0,,,0.0,2.273759365081787,,,,,,,,,,,,,,,,,,,,,-14.429809333333333,2.722825364466028,-4.0,-16.8804,,,,
8,0.0,0.0,1.0,992.0,992.0,21.0,496.0,0.0,,,0.0,2.4054958820343018,,,,,,,,,,,,,,,,,,,,,1.5519761904761904,37.038836823669094,97.0,-16.8804,,,,
9,0.0,0.0,1.0,1142.0,1142.0,75.0,571.0,0.0,,,0.0,2.786562204360962,,,,,,,,,,,,,,,,,,,,,-14.627816,2.804981861000887,-4.0,-16.8804,,,,
10,0.0,0.0,1.0,1152.0,1152.0,5.0,576.0,0.0,,,0.0,2.8481106758117676,,,,,,,,,,,,,,,,,,,,,48.48578,53.44244884240991,97.0,-16.8804,,,,
11,0.0,0.0,1.0,1214.0,1214.0,31.0,607.0,0.0,,,0.0,3.035461187362671,,,,,,,,,,,,,,,,,,,,,-4.026574193548387,32.20580493353261,99.0,-16.8804,,,,
12,0.0,0.0,1.0,1238.0,1238.0,12.0,619.0,0.0,,,0.0,3.1247363090515137,,,,,,,,,,,,,,,,,,,,,13.606325000000004,45.121177269255085,96.01,-16.8804,,,,
13,0.0,0.0,1.0,1388.0,1388.0,75.0,694.0,0.0,,,0.0,3.5142879486083984,,,,,,,,,,,,,,,,,,,,,-14.033795999999999,2.7047527751689255,-4.0,-16.8804,,,,
14,0.0,0.0,1.0,1404.0,1404.0,8.0,702.0,0.0,,,0.0,3.596046209335327,,,,,,,,,,,,,,,,,,,,,27.8347375,51.332087690423656,99.0,-11.8804,,,,
15,0.0,0.0,1.0,1554.0,1554.0,75.0,777.0,0.0,,,0.0,3.978726625442505,,,,,,,,,,,,,,,,,,,,,-14.495149333333332,2.814119846079686,-4.0,-16.8804,,,,
16,0.0,0.0,1.0,1626.0,1626.0,36.0,813.0,0.0,,,0.0,4.176006555557251,,,,,,,,,,,,,,,,,,,,,-5.971291666666669,29.667100804504862,97.0,-16.8804,,,,
17,0.0,0.0,1.0,1664.0,1664.0,19.0,832.0,0.0,,,0.0,4.29412841796875,,,,,,,,,,,,,,,,,,,,,3.278552631578946,39.389522206898576,99.0,-16.8804,,,,
18,0.0,0.0,1.0,1814.0,1814.0,75.0,907.0,0.0,,,0.0,4.681971549987793,,,,,,,,,,,,,,,,,,,,,-13.901129333333332,2.7806728566433145,-4.0,-16.8804,,,,
19,0.0,0.0,1.0,1964.0,1964.0,75.0,982.0,0.0,,,0.0,5.085029602050781,,,,,,,,,,,,,,,,,,,,,-14.099135999999998,2.805874398454785,-4.0,-16.8804,,,,
20,0.0,0.0,1.0,2114.0,2114.0,75.0,1057.0,0.0,,,0.0,5.555746793746948,,,,,,,,,,,,,,,,,,,,,-13.835789333333333,2.7697910497640237,-4.0,-16.8804,,,,
21,24.0,0.0,0.0,2164.0,2164.0,25.0,1082.0,0.0,-8.0,-8.0,0.0,10.797563076019287,,,,,,,,,2282494498.096456,10946165094.499891,54778458112.0,411.89697265625,0.66661,0.0,0.66661,0.66661,535568030.0,2564979700.0,12836770000.0,6.1172156,-0.47839999999999977,34.62295874870315,98.0,-16.8804,-3.6359004228076084,4.637142616962805,10.0,-9.200000000247366
22,64.0,0.0,0.0,2244.0,2244.0,40.0,1122.0,0.0,-72.0,-72.0,0.0,17.25965642929077,,,,,,,,,29454.57209034455,19156.009521100317,100126.2109375,6641.298828125,0.6666099999999998,2.220446049250313e-16,0.66661,0.66661,6112.858,3730.2058,21739.992,1424.5479,-5.05116,28.30777915523222,99.0,-16.8804,-4.165614484450056,4.058008557814088,10.0,-9.200000057656439
23,72.0,0.0,0.0,2260.0,2260.0,8.0,1130.0,0.0,64.0,64.0,0.0,19.073978900909424,,,,,,,,,31363.708147321428,12655.19200954497,53737.85546875,17136.068359375,0.66661,0.0,0.66661,0.66661,5832.019,2002.8477,8909.689,3182.6404,25.2359,51.8458197749105,97.0,-16.8804,-3.073073564343293,1.993988710210367,-0.7999999999999989,-7.199999999999999
24,75.0,0.0,0.0,2266.0,2266.0,3.0,1133.0,0.0,91.0,91.0,1.0,19.704097032546997,,,,,,,,,27593.0546875,3679.4765625,31272.53125,23913.578125,0.66661,0.0,0.66661,0.66661,4921.058,787.39746,5708.4556,4133.6606,94.02663333333334,4.053963410732211,99.0,89.0699,-2.9134326871745833,1.6576274715506132,-1.1999999999999993,-7.199999809265137
25,150.0,0.0,0.0,2416.0,2416.0,75.0,1208.0,0.0,-360.0,-360.0,0.0,31.879837036132812,,,,,,,,,19481.413607210725,19413.634999490947,121642.75,2739.87158203125,0.66661,0.0,0.66661,0.66661,4989.572,2644.9216,14947.626,940.76434,-14.033795999999999,2.7047527751689255,-4.0,-16.8804,-4.033281521014926,4.2225897244991035,10.0,-9.199999810471121
26,225.0,0.0,0.0,2566.0,2566.0,75.0,1283.0,0.0,-335.0,-335.0,0.0,43.387213706970215,,,,,,,,,2500.617950851853,3700.1414690086253,23494.669921875,379.6872253417969,0.66661,0.0,0.66661,0.66661,970.8958,1356.832,5447.4424,23.904657,-13.043762666666664,2.4941830720176807,-4.0,-16.8804,-5.662723182272666,4.760795944833322,10.0,-9.5999838401791
27,300.0,0.0,0.0,2716.0,2716.0,75.0,1358.0,0.0,-320.0,-320.0,1.0,54.89731216430664,,,,,,,,,391.029499157055,162.79573758423916,933.3657836914062,167.5459747314453,0.66661,0.0,0.66661,0.66661,73.68165,68.16307,506.37573,26.21565,-12.515082666666666,2.133317244004328,-4.0,-16.8804,-4.30447081877606,5.107153422365674,9.993670322337008,-9.599992170872998
28,375.0,0.0,0.0,2866.0,2866.0,75.0,1433.0,0.0,-274.0,-274.0,1.0,66.34167575836182,,,,,,,,,283.5533929773279,216.7258342339896,1403.89453125,112.32621002197266,0.66661,0.0,0.66661,0.66661,136.96707,285.7924,1545.5261,20.636412,-10.693421333333333,21.11822112377393,97.0,-16.8804,-2.2832474197841175,5.240888538234792,9.972387752526572,-9.039122293369438
29,415.0,0.0,0.0,2946.0,2946.0,40.0,1473.0,0.0,-62.0,-62.0,0.0,72.52745938301086,,,,,,,,,295.3201624552409,148.31814078923463,862.966796875,105.1015396118164,0.6666099999999998,2.220446049250313e-16,0.66661,0.66661,69.7118,82.698555,541.3067,22.4693,-4.186122500000001,28.008761681181905,99.0,-16.8804,-1.8021002946219908,4.504949865004243,9.801575975138064,-9.042053318097517
30,417.0,0.0,0.0,2950.0,2950.0,2.0,1475.0,0.0,95.0,95.0,0.0,72.87315511703491,,,,,,,,,331.0989685058594,0.0,331.0989685058594,331.0989685058594,0.66661,0.0,0.66661,0.66661,53.41952,0.0,53.41952,53.41952,96.505,2.4949999999999974,99.0,94.01,-1.7559235545193055,4.911664380167631,8.401308581110513,-5.4008930827580945
31,419.0,0.0,0.0,2954.0,2954.0,2.0,1477.0,0.0,95.0,95.0,0.0,73.48212337493896,19.0,19.0,0.0,,,,,,290.76995849609375,0.0,290.76995849609375,290.76995849609375,0.66661,0.0,0.66661,0.66661,29.958475,0.0,29.958475,29.958475,96.505,2.4949999999999974,99.0,94.01,-0.7157046181923813,5.575229882997311,8.997003677335869,-4.597223239521772
32,494.0,0.0,0.0,3104.0,3104.0,75.0,1552.0,0.0,-365.0,-365.0,1.0,85.09062910079956,,,,,,,,,364.73828619879646,158.01746871753133,1178.9105224609375,166.5024871826172,0.66661,0.0,0.66661,0.66661,124.1167,280.631,1679.7178,31.32689,-14.231802666666665,2.8154323664627823,-4.0,-16.8804,-1.2746640842548456,4.5895905878062075,9.986417499586656,-8.400000522004405
33,569.0,0.0,0.0,3254.0,3254.0,75.0,1627.0,0.0,-360.0,-360.0,1.0,96.51245903968811,,,,,,,,,304.2594882861988,83.24074941489425,655.0942993164062,171.56211853027344,0.66661,0.0,0.66661,0.66661,120.556175,368.08258,3067.4688,19.189049,-14.033796000000002,2.799715623913258,-4.0,-16.8804,-2.731008950939894,3.275053282251562,9.724831441813945,-8.795314170262001
34,626.0,0.0,0.0,3368.0,3368.0,57.0,1684.0,0.0,-167.0,-167.0,1.0,105.78803205490112,,,,,,,,,276.9145336151123,121.82460058848963,1003.6683349609375,150.07835388183594,0.66661,0.0,0.66661,0.66661,57.733986,144.42574,1124.1842,19.06129,-8.408866666666666,23.815275557104492,97.0,-16.8804,-2.2963829671281983,2.497872605113773,4.903356819172388,-7.185464427773334
35,701.0,0.0,0.0,3518.0,3518.0,75.0,1759.0,0.0,-370.0,-370.0,0.0,117.57346248626709,,,,,,,,,271.7429906484243,52.42496525780275,469.3647766113281,150.96859741210938,0.66661,0.0,0.66661,0.66661,48.35565,163.26297,1439.9402,11.917224,-14.429809333333333,2.722825364466028,-4.0,-16.8804,-2.896974406849913,2.7202503728611735,6.35848224417791,-9.49958230998004
36,776.0,0.0,0.0,3668.0,3668.0,75.0,1834.0,0.0,-325.0,-325.0,1.0,129.4563705921173,,,,,,,,,299.3409588788007,27.19636687564344,375.83465576171875,211.30442810058594,0.66661,0.0,0.66661,0.66661,16.542683,5.090841,34.704987,8.587546,-12.647749333333332,2.241667434054292,-4.0,-16.8804,-2.278565686097445,1.574694407189598,4.482802220605083,-5.89733010313944
37,812.0,0.0,0.0,3740.0,3740.0,36.0,1870.0,0.0,-56.0,-56.0,0.0,134.94739818572998,,,,,,,,,323.0499197823661,21.466004605747976,359.42010498046875,265.7046203613281,0.6666099999999999,1.1102230246251565e-16,0.66661,0.66661,15.651587,5.243403,30.06962,8.634832,-4.292355555555555,29.742380967180715,99.0,-16.8804,-2.00638519183967,0.9604082316076077,0.5974194609692187,-4.47128685041789
38,856.0,0.0,0.0,3828.0,3828.0,44.0,1914.0,0.0,-88.0,-88.0,1.0,142.22204160690308,,,,,,,,,262.6088153927825,54.83748640553424,501.60614013671875,183.89349365234375,0.6666099999999999,1.1102230246251565e-16,0.66661,0.66661,76.28335,297.9816,1960.5425,10.327868,-5.671999999999998,27.061717778961885,99.0,-16.8804,-1.1259963596212232,3.0895416722516824,9.781493278815448,-5.06582601581121
39,931.0,0.0,0.0,3978.0,3978.0,75.0,1989.0,0.0,-370.0,-370.0,0.0,153.76421546936035,,,,,,,,,279.20551609348604,88.91239291003524,701.0800170898438,105.68254852294922,0.66661,0.0,0.66661,0.66661,59.546017,65.81965,478.22968,12.876383,-14.495149333333332,2.814119846079686,-4.0,-16.8804,-3.5204254751611987,3.7274891340886263,8.651910142468864,-9.598612875041495
40,947.0,0.0,0.0,4010.0,4010.0,16.0,2005.0,0.0,29.0,29.0,0.0,156.21429443359375,,,,,,,,,263.48277893066404,41.57019971113251,347.3245544433594,176.33615112304688,0.6666100000000001,1.1102230246251565e-16,0.66661,0.66661,50.479248,22.180885,114.22928,28.2393,6.120856250000001,42.323541145604906,99.0,-16.8804,-3.027120292570075,3.1107072818528874,8.147959950437974,-8.516661114468702
41,1022.0,0.0,0.0,4160.0,4160.0,75.0,2080.0,0.0,-380.0,-380.0,1.0,169.17105770111084,-410.0,-410.0,0.0,,,,,,295.6736522365261,81.74616070136662,670.6300048828125,152.47113037109375,0.66661,0.0,0.66661,0.66661,54.690693,15.703928,96.18866,22.522503,-14.825822666666665,2.6829489811808864,-4.0,-16.8804,-0.8807502696979727,4.426063624702456,9.969581590800386,-9.167637083264728
42,1097.0,0.0,0.0,4310.0,4310.0,75.0,2155.0,0.0,-370.0,-370.0,1.0,181.41114330291748,,,,,,,,,290.2887169090477,79.61701809883769,487.66162109375,144.12689208984375,0.66661,0.0,0.66661,0.66661,62.212852,59.59324,508.71246,22.898052,-14.495149333333332,2.814119846079686,-4.0,-16.8804,-2.4757155677599623,3.9661892323584476,8.905041117095688,-9.583846426344785
43,1108.0,0.0,0.0,4332.0,4332.0,11.0,2166.0,0.0,52.0,52.0,0.0,183.16994166374207,,,,,,,,,327.6064880371094,41.63903211815344,399.2749938964844,229.89654541015625,0.6666100000000001,1.1102230246251565e-16,0.66661,0.66661,47.286633,17.378342,87.675995,23.939785,15.113272727272728,47.203262589669116,97.0,-16.8804,-1.082474080449294,2.57539291169947,5.651837352366711,-7.695461448782855
44,1183.0,0.0,0.0,4482.0,4482.0,75.0,2241.0,0.0,-390.0,-390.0,0.0,194.559636592865,,,,,,,,,266.1885637850375,56.56972389290704,474.5128173828125,168.23593139648438,0.66661,0.0,0.66661,0.66661,75.88866,156.35896,934.69086,18.020063,-15.221836000000003,2.582440587023059,-4.0,-16.8804,-2.337640831774535,2.6766060165242203,7.710727769705546,-8.317307093820014
45,1186.0,0.0,0.0,4488.0,4488.0,3.0,2244.0,0.0,91.0,91.0,0.0,195.049902677536,,,,,,,,,314.9324188232422,18.048446655273438,332.9808654785156,296.88397216796875,0.66661,0.0,0.66661,0.66661,37.338264,7.805128,45.14339,29.533134,94.02663333333334,4.053963410732211,99.0,89.0699,-1.3544680039336572,3.4173543574506224,3.707945458648396,-8.373458871447319
46,1261.0,0.0,0.0,4638.0,4638.0,75.0,2319.0,0.0,-355.0,-355.0,1.0,206.59854388237,,,,,,,,,338.0105737222208,163.67635115728697,1571.142822265625,172.7142791748047,0.66661,0.0,0.66661,0.66661,122.14787,656.6219,5729.882,16.365517,-13.835789333333333,2.769791049764024,-4.0,-16.8804,-3.1112427607625888,2.8848923050041932,7.830224168809684,-9.597055441611124
47,1336.0,0.0,0.0,4788.0,4788.0,75.0,2394.0,0.0,-380.0,-380.0,1.0,219.19450402259827,,,,,,,,,269.4035215635557,89.22945428717848,517.01708984375,68.74967193603516,0.66661,0.0,0.66661,0.66661,56.985188,44.44021,306.4311,17.648512,-14.825822666666669,2.778657092125539,-4.0,-16.8804,-3.1785798105981624,4.713724165216836,9.34176571316391,-9.199999329399338
48,1411.0,0.0,0.0,4938.0,4938.0,75.0,2469.0,0.0,-330.0,-330.0,0.0,231.3336443901062,,,,,,,,,264.78130031276396,56.85588526408124,461.2694396972656,125.90943908691406,0.66661,0.0,0.66661,0.66661,37.15068,15.987876,122.033775,18.56872,-12.911095999999997,2.0697298164697733,-9.0,-16.8804,-2.4632712998678774,2.4758555067981147,5.235230188911176,-9.438072630252817
49,1472.0,0.0,0.0,5060.0,5060.0,61.0,2530.0,0.0,-198.0,-198.0,1.0,241.18747448921204,,,,,,,,,311.5360804239909,30.255174584647886,439.0261535644531,259.5867919921875,0.6666099999999999,1.1102230246251565e-16,0.66661,0.66661,24.777702,9.196685,58.94327,13.203378,-9.366860655737705,23.20635810653227,97.0,-16.8804,-2.599607897454753,1.4244097958181319,3.175921121339578,-6.454648444817863
50,1509.0,0.0,0.0,5134.0,5134.0,37.0,2567.0,0.0,-75.0,-75.0,0.0,247.37560510635376,,,,,,,,,307.2081247965495,32.5153363428094,371.335693359375,246.6057891845703,0.6666099999999999,1.1102230246251565e-16,0.66661,0.66661,23.965157,10.284069,57.733376,11.705651,-5.701532432432434,29.740638510958178,99.0,-16.8804,-1.5430125060840025,2.381176945687548,6.168333480197877,-7.459719271280312
51,1584.0,0.0,0.0,5284.0,5284.0,75.0,2642.0,0.0,-360.0,-360.0,1.0,261.24399495124817,-410.0,-410.0,0.0,,,,,,302.5061952745592,42.44799006047364,411.8592224121094,209.9088592529297,0.66661,0.0,0.66661,0.66661,36.38436,63.991425,558.6699,10.962577,-14.033795999999999,2.799715623913258,-4.0,-16.8804,-2.9360443044720395,2.61718873445304,8.303939475085473,-9.17941149391328
52,1659.0,0.0,0.0,5434.0,5434.0,75.0,2717.0,0.0,-350.0,-350.0,0.0,273.6594398021698,,,,,,,,,250.0633450069943,78.69805860799333,540.07861328125,142.59295654296875,0.66661,0.0,0.66661,0.66661,48.286827,27.353184,169.96652,19.10379,-13.703122666666665,2.7409740333233534,-4.0,-16.8804,-2.968885858078837,3.334688071418459,8.06994068842415,-9.88935613374996
53,1676.0,0.0,0.0,5468.0,5468.0,17.0,2734.0,0.0,35.0,35.0,1.0,276.28682374954224,,,,,,,,,223.90224170684814,39.402960988379384,322.70648193359375,169.33291625976562,0.66661,0.0,0.66661,0.66661,48.65822,16.132944,76.58863,24.73853,6.809076470588236,40.40978475258232,99.0,-11.8804,-2.0917054350770807,3.535762453963753,3.991761629656067,-9.019860240747324
54,1751.0,0.0,0.0,5618.0,5618.0,75.0,2809.0,0.0,-355.0,-355.0,0.0,288.0151515007019,,,,,,,,,248.45313716579128,47.98523059443833,406.7103576660156,153.7825164794922,0.66661,0.0,0.66661,0.66661,44.36639,13.930469,85.561714,18.781149,-13.835789333333336,2.673765595438929,-4.0,-16.8804,-2.3475530664651396,3.7219663483371757,9.658788912256774,-8.82714168223695
55,1753.0,0.0,0.0,5622.0,5622.0,2.0,2811.0,0.0,95.0,95.0,0.0,288.38052582740784,,,,,,,,,252.9241180419922,0.0,252.9241180419922,252.9241180419922,0.66661,0.0,0.66661,0.66661,40.630554,0.0,40.630554,40.630554,96.505,2.4949999999999974,99.0,94.01,-4.631356738930515,2.2342145310331474,4.617322792705817,-6.662782753151487
56,1825.0,0.0,0.0,5766.0,5766.0,72.0,2883.0,0.0,-210.0,-210.0,0.0,299.59544920921326,,,,,,,,,262.6799616209218,47.32237602807047,372.15667724609375,113.17666625976562,0.6666099999999999,1.1102230246251565e-16,0.66661,0.66661,30.912016,12.14977,96.364685,14.308751,-8.430829166666664,21.468649068709457,99.0,-16.8804,-2.7504654014157115,2.60716286202621,9.14400459804155,-7.563254887677455
57,1900.0,0.0,0.0,5916.0,5916.0,75.0,2958.0,0.0,-375.0,-375.0,1.0,311.0753185749054,,,,,,,,,259.12598831589156,38.313900377935,367.6383361816406,179.85562133789062,0.66661,0.0,0.66661,0.66661,28.146069,11.939421,71.53102,12.8409395,-14.693155999999998,2.501321145327805,-9.0,-16.8804,-2.3396098787029795,1.4634662256245439,2.143622477588951,-7.5823982768431994
58,1902.0,0.0,0.0,5920.0,5920.0,2.0,2960.0,0.0,95.0,95.0,0.0,311.45613193511963,,,,,,,,,335.3417053222656,0.0,335.3417053222656,335.3417053222656,0.66661,0.0,0.66661,0.66661,52.1922,0.0,52.1922,52.1922,96.505,2.4949999999999974,99.0,94.01,-2.8052497461747508,3.2531706018429554,2.2218482178756407,-7.064711046416935
59,1905.0,0.0,0.0,5926.0,5926.0,3.0,2963.0,0.0,91.0,91.0,0.0,311.96052289009094,,,,,,,,,278.32496643066406,1.9903106689453125,280.3152770996094,276.33465576171875,0.66661,0.0,0.66661,0.66661,23.511202,6.4817696,29.992971,17.029432,94.02663333333334,4.053963410732211,99.0,89.0699,-3.735933674432035,2.708090580764803,1.6449677601324995,-7.599199439941174
60,1940.0,0.0,0.0,5996.0,5996.0,35.0,2998.0,0.0,-52.0,-52.0,0.0,317.32255506515503,,,,,,,,,266.3043260013356,72.4247677483626,438.2839660644531,109.2875747680664,0.6666099999999999,1.1102230246251565e-16,0.66661,0.66661,37.1076,13.73873,75.703445,20.392982,-3.93554,30.088209495331746,99.0,-16.8804,-3.6489037636204777,3.4326023799685372,8.45568042352525,-7.600000072367806
61,2015.0,0.0,0.0,6146.0,6146.0,75.0,3073.0,0.0,-350.0,-350.0,1.0,330.1538188457489,-330.0,-330.0,0.0,,,,,,267.93098243507177,56.551431507216186,476.3821105957031,144.0733184814453,0.66661,0.0,0.66661,0.66661,40.53783,28.508978,217.90823,16.848543,-13.637782666666666,2.725190647245233,-4.0,-16.8804,-1.6572287290524763,3.239238278959111,7.804452713786883,-9.593310156179145
62,2045.0,0.0,0.0,6206.0,6206.0,30.0,3103.0,0.0,-22.0,-22.0,0.0,334.84894943237305,,,,,,,,,404.1859975354425,414.39556735021665,2111.8857421875,125.0190658569336,0.6666099999999998,2.220446049250313e-16,0.66661,0.66661,128.65637,219.03632,944.8797,32.416916,-1.7847133333333336,31.996892405625196,99.0,-16.8804,-0.5971818701579187,4.3810076357107235,9.999992224704549,-8.7721113267495
63,2067.0,0.0,0.0,6250.0,6250.0,22.0,3125.0,0.0,15.0,15.0,1.0,338.26630449295044,,,,,,,,,357.2882777622768,154.96583762184116,713.3517456054688,107.1246109008789,0.6666100000000001,1.1102230246251565e-16,0.66661,0.66661,73.49286,19.337015,111.96391,33.491154,2.5614681818181806,36.37538924604465,99.0,-11.8804,2.706052484045912,3.9561685954789203,9.916851439113424,-7.011737250557366
64,2142.0,0.0,0.0,6400.0,6400.0,75.0,3200.0,0.0,-340.0,-340.0,0.0,349.9745440483093,,,,,,,,,321.84739138628987,139.94634786617772,758.2061157226562,119.16661834716797,0.66661,0.0,0.66661,0.66661,66.1918,26.154512,175.4776,24.590685,-13.307109333333331,2.61520420664357,-4.0,-16.8804,0.6058224330304053,5.072479996062593,9.616836597543307,-8.236208745882172
65,2144.0,0.0,0.0,6404.0,6404.0,2.0,3202.0,0.0,95.0,95.0,0.0,350.3308115005493,,,,,,,,,180.45748901367188,0.0,180.45748901367188,180.45748901367188,0.66661,0.0,0.66661,0.66661,64.83048,0.0,64.83048,64.83048,96.505,2.4949999999999974,99.0,94.01,-0.3871732401090764,3.8929860066587874,9.116235023621748,-7.509290403762915
66,2146.0,0.0,0.0,6408.0,6408.0,2.0,3204.0,0.0,95.0,95.0,1.0,350.68254017829895,,,,,,,,,206.62123107910156,0.0,206.62123107910156,206.62123107910156,0.66661,0.0,0.66661,0.66661,46.132954,0.0,46.132954,46.132954,96.505,2.4949999999999974,99.0,94.01,-1.491034384160345,6.078663662485419,9.550951383794152,-7.919192004141965
67,2221.0,0.0,0.0,6558.0,6558.0,75.0,3279.0,0.0,-335.0,-335.0,0.0,362.15838599205017,,,,,,,,,243.53053974460911,86.3215848624689,463.2845458984375,75.97444915771484,0.66661,0.0,0.66661,0.66661,45.10261,16.83593,98.334984,22.388716,-13.109102666666667,2.5268261352652575,-4.0,-16.8804,-0.5726737607570932,5.599771112557556,9.995911064488094,-8.756851711604686
68,2296.0,0.0,0.0,6708.0,6708.0,75.0,3354.0,0.0,-330.0,-330.0,1.0,373.618935585022,,,,,,,,,265.11412007099875,77.13317335545618,448.7516784667969,131.11575317382812,0.66661,0.0,0.66661,0.66661,31.791903,11.271668,93.86532,13.749349,-12.845755999999998,2.379541485426132,-4.0,-16.8804,-0.5036822516353184,4.021173056285354,9.708032374395032,-7.568773629701954
69,2371.0,0.0,0.0,6858.0,6858.0,75.0,3429.0,0.0,-365.0,-365.0,1.0,385.04853105545044,,,,,,,,,320.6232118348818,20.068021658962312,354.8631896972656,245.1419677734375,0.66661,0.0,0.66661,0.66661,17.778841,6.6210556,45.230156,7.6487455,-14.297142666666666,2.523310259172705,-9.0,-16.8804,-1.3449393949854629,1.5284989970542904,7.610675962239293,-4.974448760216533
70,2446.0,0.0,0.0,7008.0,7008.0,75.0,3504.0,0.0,-350.0,-350.0,0.0,396.7048587799072,,,,,,,,,394.31846866092167,596.415926843546,5485.439453125,193.60211181640625,0.66661,0.0,0.66661,0.66661,45.19661,223.05078,1949.614,8.719674,-13.703122666666665,2.7409740333233534,-4.0,-16.8804,-1.6535308509176756,1.3847986136292487,2.760131984927283,-6.6234448545124405
71,2521.0,0.0,0.0,7158.0,7158.0,75.0,3579.0,0.0,-340.0,-340.0,1.0,408.8658218383789,83.0,83.0,0.0,,,,,,288.4270174181139,100.65756317865784,882.3925170898438,106.11685180664062,0.66661,0.0,0.66661,0.66661,55.87839,19.0091,117.66888,23.83338,-13.307109333333331,2.61520420664357,-4.0,-16.8804,-3.027516481787992,4.325042809246353,9.99443464320765,-9.917009689003043
72,2562.0,0.0,0.0,7240.0,7240.0,41.0,3620.0,0.0,-96.0,-96.0,1.0,415.5194447040558,,,,,,,,,262.8549226760864,95.75272623823176,530.8463134765625,59.599884033203125,0.66661,0.0,0.66661,0.66661,54.90255,18.247921,108.46258,25.703176,-6.666556097560977,28.41258476336909,99.0,-16.8804,-4.299776328023224,4.689525873442208,9.91152905392691,-9.999725066236655
73,2637.0,0.0,0.0,7390.0,7390.0,75.0,3695.0,0.0,-360.0,-360.0,1.0,428.08909702301025,,,,,,,,,303.5697194692251,71.2589096640074,609.8743896484375,112.71324157714844,0.66661,0.0,0.66661,0.66661,44.91513,16.822393,97.633995,19.237339,-14.099135999999998,2.805874398454785,-4.0,-16.8804,-1.290238318972475,2.6169736103502577,8.690759493967684,-6.5139564764534885
74,2712.0,0.0,0.0,7540.0,7540.0,75.0,3770.0,0.0,-355.0,-355.0,0.0,439.7621099948883,,,,,,,,,259.139220160407,59.61404306857736,542.4191284179688,139.224609375,0.66661,0.0,0.66661,0.66661,40.646164,18.839352,132.3899,18.019814,-13.901129333333335,2.7806728566433145,-4.0,-16.8804,-2.704054332059188,4.188881120370342,9.62707943843008,-8.797080470876713
75,2787.0,0.0,0.0,7690.0,7690.0,75.0,3845.0,0.0,-360.0,-360.0,0.0,450.9938280582428,,,,,,,,,314.745425456279,41.07383906811252,408.111328125,203.68704223632812,0.66661,0.0,0.66661,0.66661,34.14267,12.706857,73.641884,12.255742,-14.033795999999999,2.799715623913258,-4.0,-16.8804,-2.668114089661449,2.4039858279601387,6.217078853813541,-8.043875566704827
76,2791.0,0.0,0.0,7698.0,7698.0,4.0,3849.0,0.0,87.0,87.0,1.0,451.6334173679352,,,,,,,,,303.0804443359375,15.683200420880539,324.94244384765625,288.91156005859375,0.66661,0.0,0.66661,0.66661,22.793304,3.3043218,25.484768,18.139277,67.549875,45.99328385782945,99.0,-11.8804,-2.030433551011161,1.558797515034605,1.657231253843702,-4.323201957094324
77,2813.0,0.0,0.0,7742.0,7742.0,22.0,3871.0,0.0,0.0,0.0,0.0,454.96306586265564,,,,,,,,,293.64303443545384,16.042609502593475,323.8511657714844,258.1458435058594,0.6666100000000001,1.1102230246251565e-16,0.66661,0.66661,22.937824,7.578288,39.099266,14.342736,0.5363999999999998,37.25029767903021,99.0,-16.8804,-1.4475013911286234,1.4155639150314356,2.95242625434097,-8.75416888141509
78,2871.0,0.0,0.0,7858.0,7858.0,58.0,3929.0,0.0,-153.0,-153.0,1.0,464.1563036441803,,,,,,,,,291.1101949591386,37.496240523506465,405.33782958984375,204.64849853515625,0.6666099999999999,1.1102230246251565e-16,0.66661,0.66661,23.950575,12.940297,68.88766,9.489214,-7.631456896551723,23.294549850541202,96.01,-16.8804,-2.336312373956868,2.245717904714584,9.08008688122463,-7.266635294102484
79,2946.0,0.0,0.0,8008.0,8008.0,75.0,4004.0,0.0,-360.0,-360.0,1.0,475.7429368495941,,,,,,,,,287.4953506057327,47.860069658691216,434.03533935546875,191.9354248046875,0.66661,0.0,0.66661,0.66661,79.71265,211.17374,1440.5509,18.197073,-14.033795999999999,2.799715623913258,-4.0,-16.8804,-1.7816286148971978,2.8578126642734984,6.900877245360797,-7.569929148913965
80,3021.0,0.0,0.0,8158.0,8158.0,75.0,4079.0,0.0,-320.0,-320.0,0.0,487.18358993530273,,,,,,,,,268.9934430509,84.84197744154308,531.762451171875,124.51963806152344,0.66661,0.0,0.66661,0.66661,59.261448,19.140966,152.13698,22.27824,-12.515082666666665,2.133317244004328,-4.0,-16.8804,-1.3433823989506106,4.134330999268331,9.753636871448956,-7.755008699635933
