Episode #,Training Iter,Epoch,In Heatup,ER #Transitions,ER #Episodes,Episode Length,Total steps,Epsilon,Shaped Training Reward,Training Reward,Update Target Network,Wall-Clock Time,Evaluation Reward,Shaped Evaluation Reward,Success Rate,Inverse Propensity Score,Direct Method Reward,Doubly Robust,Weighted Importance Sampling,Sequential Doubly Robust,Loss/Mean,Loss/Stdev,Loss/Max,Loss/Min,Learning Rate/Mean,Learning Rate/Stdev,Learning Rate/Max,Learning Rate/Min,Grads (unclipped)/Mean,Grads (unclipped)/Stdev,Grads (unclipped)/Max,Grads (unclipped)/Min,Discounted Return/Mean,Discounted Return/Stdev,Discounted Return/Max,Discounted Return/Min,Q/Mean,Q/Stdev,Q/Max,Q/Min
1,0.0,0.0,1.0,82.0,82.0,41.0,41.0,0.0,,,0.0,0.015694856643676758,,,,,,,,,,,,,,,,,,,,,-7.028763414634145,28.508136925119192,99.0,-16.8804,,,,
2,0.0,0.0,1.0,98.0,98.0,8.0,49.0,0.0,,,0.0,0.12930512428283691,,,,,,,,,,,,,,,,,,,,,25.978425,52.80316674170096,99.0,-16.8804,,,,
3,0.0,0.0,1.0,158.0,158.0,30.0,79.0,0.0,,,0.0,0.30192041397094727,,,,,,,,,,,,,,,,,,,,,-3.665776666666665,31.882907635290348,96.01,-16.8804,,,,
4,0.0,0.0,1.0,308.0,308.0,75.0,154.0,0.0,,,0.0,0.6803781986236572,,,,,,,,,,,,,,,,,,,,,-13.901129333333332,2.7806728566433145,-4.0,-16.8804,,,,
5,0.0,0.0,1.0,458.0,458.0,75.0,229.0,0.0,,,0.0,1.0485002994537354,,,,,,,,,,,,,,,,,,,,,-13.901129333333332,2.7806728566433145,-4.0,-16.8804,,,,
6,0.0,0.0,1.0,608.0,608.0,75.0,304.0,0.0,,,0.0,1.41023588180542,,,,,,,,,,,,,,,,,,,,,-12.911095999999997,2.4190895628694693,-4.0,-16.8804,,,,
7,0.0,0.0,1.0,614.0,614.0,3.0,307.0,0.0,,,0.0,1.456566333770752,,,,,,,,,,,,,,,,,,,,,94.02663333333334,4.053963410732211,99.0,89.0699,,,,
8,0.0,0.0,1.0,764.0,764.0,75.0,382.0,0.0,,,0.0,1.8232665061950684,,,,,,,,,,,,,,,,,,,,,-14.099135999999998,2.805874398454785,-4.0,-16.8804,,,,
9,0.0,0.0,1.0,914.0,914.0,75.0,457.0,0.0,,,0.0,2.189786672592163,,,,,,,,,,,,,,,,,,,,,-13.505116,2.686135232437861,-4.0,-16.8804,,,,
10,0.0,0.0,1.0,990.0,990.0,38.0,495.0,0.0,,,0.0,2.4236109256744385,,,,,,,,,,,,,,,,,,,,,-5.7859736842105285,28.645802141901907,96.01,-16.8804,,,,
11,0.0,0.0,1.0,1044.0,1044.0,27.0,522.0,0.0,,,0.0,2.58918833732605,,,,,,,,,,,,,,,,,,,,,-2.3130259259259267,34.16779788221211,99.0,-16.8804,,,,
12,0.0,0.0,1.0,1184.0,1184.0,70.0,592.0,0.0,,,0.0,2.958223581314087,,,,,,,,,,,,,,,,,,,,,-9.605170000000001,22.077950370774587,99.0,-16.8804,,,,
13,0.0,0.0,1.0,1334.0,1334.0,75.0,667.0,0.0,,,0.0,3.3283421993255615,,,,,,,,,,,,,,,,,,,,,-13.703122666666665,2.438180848779042,-9.0,-16.8804,,,,
14,0.0,0.0,1.0,1386.0,1386.0,26.0,693.0,0.0,,,0.0,3.4998230934143066,,,,,,,,,,,,,,,,,,,,,-1.373876923076923,34.55691652958268,99.0,-16.8804,,,,
15,0.0,0.0,1.0,1536.0,1536.0,75.0,768.0,0.0,,,0.0,3.8681764602661133,,,,,,,,,,,,,,,,,,,,,-14.099135999999998,2.805874398454785,-4.0,-16.8804,,,,
16,0.0,0.0,1.0,1686.0,1686.0,75.0,843.0,0.0,,,0.0,4.242980718612671,,,,,,,,,,,,,,,,,,,,,-13.703122666666665,2.7409740333233534,-4.0,-16.8804,,,,
17,0.0,0.0,1.0,1754.0,1754.0,34.0,877.0,0.0,,,0.0,4.427713871002197,,,,,,,,,,,,,,,,,,,,,-5.012205882352942,30.92278876624374,99.0,-16.8804,,,,
18,0.0,0.0,1.0,1780.0,1780.0,13.0,890.0,0.0,,,0.0,4.519642353057861,,,,,,,,,,,,,,,,,,,,,10.9604,44.49956106115413,97.0,-16.8804,,,,
19,0.0,0.0,1.0,1930.0,1930.0,75.0,965.0,0.0,,,0.0,4.909266948699951,,,,,,,,,,,,,,,,,,,,,-13.901129333333335,2.685036598572334,-4.0,-16.8804,,,,
20,0.0,0.0,1.0,2080.0,2080.0,75.0,1040.0,0.0,,,0.0,5.287430047988892,,,,,,,,,,,,,,,,,,,,,-13.637782666666665,2.725190647245233,-4.0,-16.8804,,,,
21,74.0,0.0,0.0,2230.0,2230.0,75.0,1115.0,0.0,-350.0,-350.0,1.0,17.983490705490112,,,,,,,,,4728466592.543039,40372882303.1527,349674471424.0,419.0198974609375,0.8888100000000004,3.3306690738754696e-16,0.8888100000000001,0.8888100000000001,613284740.0,5177636400.0,44848423000.0,6.618898,-13.703122666666665,2.438180848779042,-9.0,-16.8804,-2.5206270254742895,5.091385650066848,10.0,-8.000000000000016
22,113.0,0.0,0.0,2308.0,2308.0,39.0,1154.0,0.0,-58.0,-58.0,0.0,24.217833757400513,,,,,,,,,31877.98963044819,21162.90251237165,79670.203125,6603.4033203125,0.88881,1.1102230246251565e-16,0.8888100000000001,0.8888100000000001,5896.376,3224.0972,14854.572,1647.4651,-4.11448717948718,28.38365984928815,99.0,-16.8804,-3.656839202411925,3.285723040206421,10.0,-9.2000003505014
23,186.0,0.0,0.0,2454.0,2454.0,73.0,1227.0,0.0,-219.0,-219.0,1.0,35.48935008049011,,,,,,,,,12433.572507222494,16526.87127448595,84137.046875,595.2178344726562,0.8888100000000002,1.1102230246251565e-16,0.8888100000000001,0.8888100000000001,2982.728,2683.2698,10563.3545,46.806717,-8.748645205479452,21.397519878407884,99.0,-16.8804,-4.188954450897805,6.594055058031912,10.0,-9.200000172714223
24,261.0,0.0,0.0,2604.0,2604.0,75.0,1302.0,0.0,-325.0,-325.0,1.0,47.09349513053894,,,,,,,,,898.0914595320418,733.4603583163039,4734.3388671875,237.97586059570312,0.8888100000000004,3.3306690738754696e-16,0.8888100000000001,0.8888100000000001,292.7513,575.98517,3387.473,21.065653,-12.647749333333334,2.2416674340542926,-4.0,-16.8804,-3.3294323146300693,6.6294638564497275,10.0,-9.200000010937682
25,336.0,0.0,0.0,2754.0,2754.0,75.0,1377.0,0.0,-360.0,-360.0,0.0,58.63438153266907,,,,,,,,,436.1314412709829,281.68104486100754,2117.94580078125,149.95819091796875,0.8888100000000004,3.3306690738754696e-16,0.8888100000000001,0.8888100000000001,113.477196,167.4356,968.64746,20.653557,-14.099135999999998,2.805874398454785,-4.0,-16.8804,-4.353008263501735,4.654805931998637,9.995331902046473,-9.197548881613116
26,355.0,0.0,0.0,2792.0,2792.0,19.0,1396.0,0.0,17.0,17.0,1.0,61.572227001190186,,,,,,,,,248.1304694281684,95.58234712218696,508.2178039550781,116.43092346191406,0.88881,1.1102230246251565e-16,0.8888100000000001,0.8888100000000001,166.74449,417.21457,1880.6948,37.702343,3.278552631578949,39.38952220689858,99.0,-16.8804,-2.846044813564991,3.6031581962236356,9.51047284644771,-7.999485260092598
27,430.0,0.0,0.0,2942.0,2942.0,75.0,1471.0,0.0,-335.0,-335.0,0.0,73.53262615203857,,,,,,,,,292.73095558785104,148.41132060330673,1036.50146484375,123.09040832519531,0.8888100000000004,3.3306690738754696e-16,0.8888100000000001,0.8888100000000001,103.34398,206.0535,1589.9165,19.414415,-13.109102666666667,2.5268261352652575,-4.0,-16.8804,-2.6308541098838214,5.786874018642623,9.993984069841648,-9.99349215691058
28,465.0,0.0,0.0,3012.0,3012.0,35.0,1506.0,0.0,-81.0,-81.0,1.0,79.05552339553833,,,,,,,,,616.3127203548656,427.79037104981046,2754.275390625,233.0366973876953,0.8888100000000001,0.0,0.8888100000000001,0.8888100000000001,168.02768,481.6867,2925.617,32.101192,-6.39648,30.112874097585383,96.01,-16.8804,-3.215605887162609,4.6618923326697805,9.967287912970937,-10.000000182195587
29,540.0,0.0,0.0,3162.0,3162.0,75.0,1581.0,0.0,-350.0,-350.0,1.0,90.51507258415222,,,,,,,,,371.6501062754038,155.6553027669853,996.0923461914062,149.95590209960938,0.8888100000000004,3.3306690738754696e-16,0.8888100000000001,0.8888100000000001,119.269966,325.7369,2592.292,21.48863,-13.703122666666665,2.7409740333233534,-4.0,-16.8804,-3.3790795141260244,5.9527995750188305,9.9996803687912,-9.99999771572786
30,615.0,0.0,0.0,3312.0,3312.0,75.0,1656.0,0.0,-375.0,-375.0,0.0,102.04757022857666,,,,,,,,,358.50001464018953,196.73039508487787,1515.2691650390625,147.19801330566406,0.8888100000000004,3.3306690738754696e-16,0.8888100000000001,0.8888100000000001,126.92752,339.04913,2503.9495,24.237518,-14.693155999999998,2.7972880209345625,-4.0,-16.8804,-1.815326613842964,5.704629067027419,9.999997594877895,-9.975483095210857
31,690.0,0.0,0.0,3462.0,3462.0,75.0,1731.0,0.0,-355.0,-355.0,1.0,114.6139965057373,-320.0,-320.0,0.0,,,,,,272.8195852331213,238.26583476445114,2195.720947265625,129.87750244140625,0.8888100000000004,3.3306690738754696e-16,0.8888100000000001,0.8888100000000001,97.177864,234.6023,1913.6315,25.80491,-13.901129333333332,2.7806728566433145,-4.0,-16.8804,-2.4399647952001,5.015681817202161,9.998930473070175,-8.818124614283528
32,715.0,0.0,0.0,3512.0,3512.0,25.0,1756.0,0.0,-2.0,-2.0,0.0,118.4813961982727,,,,,,,,,563.1838652292887,841.227306000831,4521.16357421875,148.9119110107422,0.88881,1.1102230246251565e-16,0.8888100000000001,0.8888100000000001,177.76283,458.9607,2354.352,32.393925,0.23442400000000022,34.70014200137261,99.0,-16.8804,-0.6275968962725352,6.803905301010568,9.99329847937917,-9.199999999999791
33,790.0,0.0,0.0,3662.0,3662.0,75.0,1831.0,0.0,-355.0,-355.0,1.0,130.09649109840393,,,,,,,,,390.52955111941776,373.1120176207669,3421.890869140625,139.58140563964844,0.8888100000000004,3.3306690738754696e-16,0.8888100000000001,0.8888100000000001,88.6467,234.0214,2081.4463,27.976847,-13.835789333333333,2.769791049764024,-4.0,-16.8804,-4.478551271365282,4.296926212543221,9.905435700643837,-8.98930941217512
34,865.0,0.0,0.0,3812.0,3812.0,75.0,1906.0,0.0,-335.0,-335.0,0.0,141.775160074234,,,,,,,,,289.3296787158863,84.11776182329578,520.856689453125,142.6918182373047,0.8888100000000004,3.3306690738754696e-16,0.8888100000000001,0.8888100000000001,112.69237,311.0446,2604.663,23.140701,-13.109102666666667,2.5268261352652575,-4.0,-16.8804,-4.0389438238864015,4.987074892113269,9.887765975985225,-9.9995301989682
35,874.0,0.0,0.0,3830.0,3830.0,9.0,1915.0,0.0,67.0,67.0,0.0,143.2098410129547,,,,,,,,,355.46528816223145,124.842963873983,586.8587646484375,236.40908813476562,0.8888100000000001,0.0,0.8888100000000001,0.8888100000000001,96.73883,60.524406,255.0954,62.560127,23.421944444444446,49.979888485205535,99.0,-11.8804,-4.1524122507799825,5.504777165317729,8.449711661073838,-9.99973402816246
36,902.0,0.0,0.0,3886.0,3886.0,28.0,1943.0,0.0,-14.0,-14.0,0.0,147.52610683441162,,,,,,,,,310.0302400942202,100.65627143330413,568.947998046875,169.08216857910156,0.88881,1.1102230246251565e-16,0.8888100000000001,0.8888100000000001,92.31417,184.62509,1030.1246,30.502136,-1.0635928571428568,33.00196288384037,99.0,-16.8804,-2.1356953889401553,5.111965074045265,9.989509358774137,-8.156455783217032
37,977.0,0.0,0.0,4036.0,4036.0,75.0,2018.0,0.0,-340.0,-340.0,0.0,159.3635218143463,,,,,,,,,290.7810774107237,92.34768690580117,573.4796142578125,107.87725830078125,0.8888100000000004,3.3306690738754696e-16,0.8888100000000001,0.8888100000000001,60.734474,31.913675,254.40758,21.554394,-13.307109333333331,2.61520420664357,-4.0,-16.8804,-2.428037281110356,5.305635547460408,9.991423990784758,-8.79627920061111
38,990.0,0.0,0.0,4062.0,4062.0,13.0,2031.0,0.0,47.0,47.0,1.0,161.36542296409607,,,,,,,,,360.4502131144206,67.46891677166026,520.90283203125,276.8680114746094,0.88881,1.1102230246251565e-16,0.8888100000000001,0.8888100000000001,66.54839,10.853488,86.34435,52.846867,11.645807692307695,43.879777753196755,96.01,-16.8804,-1.111728711419885,3.918960917543921,8.79756150416337,-7.733194015561227
39,1065.0,0.0,0.0,4212.0,4212.0,75.0,2106.0,0.0,-340.0,-340.0,1.0,176.83045172691345,,,,,,,,,354.3597302823453,162.5810614457293,895.6334228515625,145.76112365722656,0.8888100000000004,3.3306690738754696e-16,0.8888100000000001,0.8888100000000001,54.311806,22.348122,122.99275,21.50973,-13.307109333333333,2.513279340313413,-4.0,-16.8804,-0.02731267583453114,4.783280042573116,9.999247931625797,-8.82188701808361
40,1140.0,0.0,0.0,4362.0,4362.0,75.0,2181.0,0.0,-370.0,-370.0,0.0,191.95023465156555,,,,,,,,,373.3003634890994,162.3281299982484,1047.24560546875,139.17630004882812,0.8888100000000004,3.3306690738754696e-16,0.8888100000000001,0.8888100000000001,84.540825,122.496284,710.1454,19.581182,-14.429809333333333,2.817179079394769,-4.0,-16.8804,-2.009797696654247,4.436547250578164,9.133294278607586,-7.8612552946270595
41,1158.0,0.0,0.0,4398.0,4398.0,18.0,2199.0,0.0,9.0,9.0,0.0,195.73637342453003,-405.0,-405.0,0.0,,,,,,270.5617738611558,92.51099379046514,512.1531372070312,142.07901000976562,0.8888100000000001,0.0,0.8888100000000001,0.8888100000000001,57.25416,17.986649,96.40675,28.14119,2.4128999999999996,40.16911173959138,97.0,-16.8804,-0.8797858274070036,6.546064464805542,9.974384542804277,-7.988069466244659
42,1168.0,0.0,0.0,4418.0,4418.0,10.0,2209.0,0.0,52.0,52.0,1.0,197.32897400856018,,,,,,,,,235.27307976616754,62.647570360643705,341.6529846191406,138.67413330078125,0.8888100000000001,0.0,0.8888100000000001,0.8888100000000001,58.16457,20.41846,106.66802,40.496414,17.11465,49.787275249389786,98.0,-16.8804,-4.440969919464759,2.771789927364922,7.438473691065673,-6.799133982251725
43,1224.0,0.0,0.0,4530.0,4530.0,56.0,2265.0,0.0,-163.0,-163.0,0.0,205.9294126033783,,,,,,,,,316.47618810480293,134.75653366407084,750.51904296875,94.8023681640625,0.8888100000000001,0.0,0.8888100000000001,0.8888100000000001,57.378716,19.879168,108.16167,27.071188,-8.434383928571426,24.044040817066865,97.0,-16.8804,-1.6815011006287741,4.028317041523346,9.514218645743643,-7.821700690092499
44,1238.0,0.0,0.0,4558.0,4558.0,14.0,2279.0,0.0,33.0,33.0,0.0,208.1663682460785,,,,,,,,,221.2072014441857,80.48684405111044,430.083984375,129.79428100585938,0.88881,1.1102230246251565e-16,0.8888100000000001,0.8888100000000001,55.478508,20.183111,103.38557,31.04648,8.193899999999998,43.676783703914964,96.01,-16.8804,-1.1025584384201714,3.5496976840433048,9.595288126814983,-7.522211712479646
45,1240.0,0.0,0.0,4562.0,4562.0,2.0,2281.0,0.0,95.0,95.0,0.0,208.50262999534607,,,,,,,,,198.7728271484375,0.0,198.7728271484375,198.7728271484375,0.8888100000000001,0.0,0.8888100000000001,0.8888100000000001,31.525434,0.0,31.525434,31.525434,96.505,2.4949999999999974,99.0,94.01,-0.0027612347333520635,2.9475379550543708,3.319198097198014,-6.636562020116263
46,1270.0,0.0,0.0,4622.0,4622.0,30.0,2311.0,0.0,-32.0,-32.0,1.0,213.20461630821228,,,,,,,,,435.3939577299973,230.31437606247763,1196.9083251953125,132.5560302734375,0.8888099999999999,2.220446049250313e-16,0.8888100000000001,0.8888100000000001,75.288864,24.0416,133.34254,35.711456,-2.7747466666666676,32.36838349807554,99.0,-16.8804,-2.4295208462221187,4.089037534550493,9.446077581817784,-8.736090617379823
47,1324.0,0.0,0.0,4730.0,4730.0,54.0,2365.0,0.0,-148.0,-148.0,0.0,221.60805463790894,,,,,,,,,325.21072589226486,102.58984100198347,659.7072143554688,135.89266967773438,0.8888100000000001,0.0,0.8888100000000001,0.8888100000000001,68.354195,50.320972,409.32907,21.959173,-7.8309907407407415,24.834016865710545,99.0,-16.8804,-0.625479631489717,5.573779329193827,9.980271987494582,-8.784959137660643
48,1391.0,0.0,0.0,4864.0,4864.0,67.0,2432.0,0.0,-222.0,-222.0,0.0,232.40468835830688,,,,,,,,,356.94469636859316,153.7408367878034,1005.7001953125,100.47798156738281,0.8888100000000002,1.1102230246251565e-16,0.8888100000000001,0.8888100000000001,85.13682,160.63287,1369.0242,24.745253,-9.591953731343285,22.154528882067584,97.0,-16.8804,-2.183873103249663,4.930887714776465,9.98483565357383,-9.686779774072921
49,1393.0,0.0,0.0,4868.0,4868.0,2.0,2434.0,0.0,95.0,95.0,1.0,232.77082896232605,,,,,,,,,149.39096069335938,0.0,149.39096069335938,149.39096069335938,0.8888100000000001,0.0,0.8888100000000001,0.8888100000000001,60.826256,0.0,60.826256,60.826256,96.505,2.4949999999999974,99.0,94.01,-2.07737886127887,7.0876021017544035,9.93588163929405,-7.7287644324272575
50,1433.0,0.0,0.0,4948.0,4948.0,40.0,2474.0,0.0,-77.0,-77.0,0.0,238.98016905784607,,,,,,,,,480.5296521309095,462.47040454407374,3132.44384765625,150.96336364746094,0.88881,1.1102230246251565e-16,0.8888100000000001,0.8888100000000001,110.131096,163.59262,1068.0096,25.015404,-5.29991,28.388441196002642,99.0,-16.8804,-2.443630322774949,5.480725746896088,9.999999989746913,-9.6000000006268
51,1440.0,0.0,0.0,4962.0,4962.0,7.0,2481.0,0.0,68.0,68.0,0.0,240.9598023891449,-360.0,-360.0,0.0,,,,,,322.21497853597003,98.01631897982664,447.78662109375,139.0963897705078,0.8888100000000002,1.1102230246251565e-16,0.8888100000000001,0.8888100000000001,58.676556,21.977995,81.649,22.720116,30.538228571428572,53.357941812702585,97.0,-16.8804,-0.4814969953548311,5.176847706123775,9.482669816034191,-7.140600389647025
52,1461.0,0.0,0.0,5004.0,5004.0,21.0,2502.0,0.0,-6.0,-6.0,0.0,244.22332215309143,,,,,,,,,318.26959838867185,132.75844152529402,560.9036254882812,124.82470703125,0.88881,1.1102230246251565e-16,0.8888100000000001,0.8888100000000001,62.62771,23.341888,111.96892,23.325499,-0.053299999999999785,38.48579756889917,99.0,-16.8804,2.7947777851780216,6.50529427960099,9.999923008800174,-8.481523869537682
53,1497.0,0.0,0.0,5076.0,5076.0,36.0,2538.0,0.0,-66.0,-66.0,1.0,249.6730453968048,,,,,,,,,370.31068028041295,172.36607060105231,1020.986328125,197.58346557617188,0.88881,1.1102230246251565e-16,0.8888100000000001,0.8888100000000001,126.198616,253.8248,1291.213,29.354088,-5.117383333333333,30.008891176917146,99.0,-16.8804,-1.0009441672579196,5.611541413715355,9.956787458812558,-9.339401118177244
54,1572.0,0.0,0.0,5226.0,5226.0,75.0,2613.0,0.0,-350.0,-350.0,0.0,261.6823060512543,,,,,,,,,369.2555548178183,121.7859422896133,751.6614379882812,165.17208862304688,0.8888100000000004,3.3306690738754696e-16,0.8888100000000001,0.8888100000000001,69.733406,70.151825,641.40643,22.826254,-13.637782666666666,2.6275357397822185,-4.0,-16.8804,-1.452330592873435,5.56008555541609,9.92303195538184,-9.599403082949774
55,1592.0,0.0,0.0,5266.0,5266.0,20.0,2633.0,0.0,8.0,8.0,0.0,264.78027534484863,,,,,,,,,459.5261543675473,158.87964930093457,755.8850708007812,111.40464782714844,0.88881,1.1102230246251565e-16,0.8888100000000001,0.8888100000000001,107.18455,189.16966,905.91516,31.649446,2.023104999999999,38.74828464668436,99.0,-16.8804,1.493431081143287,4.30251638950278,9.683057540461238,-6.609755692950275
56,1667.0,0.0,0.0,5416.0,5416.0,75.0,2708.0,0.0,-355.0,-355.0,1.0,276.6154685020447,,,,,,,,,340.6226565386798,139.60942875763303,640.4940185546875,76.37977600097656,0.8888100000000004,3.3306690738754696e-16,0.8888100000000001,0.8888100000000001,102.51516,280.5671,2483.6887,22.132029,-13.901129333333332,2.7806728566433145,-4.0,-16.8804,-0.6500816267980717,5.673344644050406,9.981906635526366,-9.58989418402238
57,1742.0,0.0,0.0,5566.0,5566.0,75.0,2783.0,0.0,-360.0,-360.0,0.0,288.5075330734253,,,,,,,,,856.0928443702492,1655.0330906484319,11923.154296875,140.23272705078125,0.8888100000000004,3.3306690738754696e-16,0.8888100000000001,0.8888100000000001,382.9695,1208.7551,7228.8926,25.80476,-14.099135999999998,2.805874398454785,-4.0,-16.8804,-3.2024624645301727,4.848745503307184,9.999982004331507,-9.197016209420193
58,1745.0,0.0,0.0,5572.0,5572.0,3.0,2786.0,0.0,91.0,91.0,0.0,289.0116410255432,,,,,,,,,314.8119659423828,83.32835388183594,398.14031982421875,231.48361206054688,0.8888100000000001,0.0,0.8888100000000001,0.8888100000000001,80.413994,19.334824,99.74882,61.07917,94.02663333333334,4.053963410732211,99.0,89.0699,-4.282642364793618,2.2115364545246425,1.1560020237749957,-7.999743980157903
59,1749.0,0.0,0.0,5580.0,5580.0,4.0,2790.0,0.0,87.0,87.0,0.0,289.6427195072174,,,,,,,,,349.1806131998698,119.28790176781204,486.87921142578125,195.92913818359375,0.88881,1.1102230246251565e-16,0.8888100000000001,0.8888100000000001,51.281696,15.6392,73.39591,39.911438,67.549875,45.99328385782945,99.0,-11.8804,-3.6233834827195337,2.574593399467745,5.502469321172049,-7.999922652840221
60,1791.0,0.0,0.0,5664.0,5664.0,42.0,2832.0,0.0,-100.0,-100.0,0.0,296.1708490848541,,,,,,,,,331.2348059677496,140.50287042653005,643.0618896484375,150.6186065673828,0.8888100000000001,0.0,0.8888100000000001,0.8888100000000001,72.691666,82.75907,576.7006,18.78951,-6.790695238095238,28.083553404464435,99.0,-16.8804,0.23503132417175343,5.778875956636412,9.948886986383847,-9.801805437778752
61,1830.0,0.0,0.0,5742.0,5742.0,39.0,2871.0,0.0,-60.0,-60.0,1.0,302.45043659210205,18.0,18.0,0.0,,,,,,337.33630732486125,111.77385328214773,727.3327026367188,180.90818786621094,0.88881,1.1102230246251565e-16,0.8888100000000001,0.8888100000000001,65.17022,23.730139,172.61646,31.497854,-4.266800000000001,27.856850530257873,97.0,-16.8804,-1.7756789196239158,4.585394573147182,9.920090464497502,-9.378863887357408
62,1905.0,0.0,0.0,5892.0,5892.0,75.0,2946.0,0.0,-370.0,-370.0,0.0,314.08107566833496,,,,,,,,,350.05734479749526,213.70315708844558,1663.875732421875,134.16748046875,0.8888100000000004,3.3306690738754696e-16,0.8888100000000001,0.8888100000000001,114.91215,336.22626,2829.8877,23.834467,-14.495149333333332,2.7196599986210694,-4.0,-16.8804,0.5516101687557604,5.016158405916444,9.978522182176564,-7.950657851382288
63,1980.0,0.0,0.0,6042.0,6042.0,75.0,3021.0,0.0,-375.0,-375.0,1.0,324.7068190574646,,,,,,,,,359.5430679321289,137.5552161016238,1084.8382568359375,111.09259033203125,0.8888100000000004,3.3306690738754696e-16,0.8888100000000001,0.8888100000000001,68.35202,22.29342,133.57225,31.25633,-14.627816,2.710203542272056,-4.0,-16.8804,-2.624551601091791,5.3426451635656464,9.999687618010386,-8.479568456293434
64,2055.0,0.0,0.0,6192.0,6192.0,75.0,3096.0,0.0,-350.0,-350.0,1.0,334.772093296051,,,,,,,,,329.96607373211833,114.63876713472098,661.390625,146.18606567382812,0.8888100000000004,3.3306690738754696e-16,0.8888100000000001,0.8888100000000001,64.5674,31.955006,275.69803,28.730356,-13.703122666666667,2.7409740333233534,-4.0,-16.8804,-2.537893600580525,3.977923895737419,9.957155607601404,-9.89514309650902
65,2130.0,0.0,0.0,6342.0,6342.0,75.0,3171.0,0.0,-355.0,-355.0,0.0,346.2096149921417,,,,,,,,,444.1003129288957,269.6750332451946,1722.572021484375,171.00155639648438,0.8888100000000004,3.3306690738754696e-16,0.8888100000000001,0.8888100000000001,69.97369,22.645678,130.72028,28.505432,-13.901129333333332,2.7806728566433145,-4.0,-16.8804,-0.8034335371663378,5.3656748898842945,9.692753508589993,-9.49540233043557
66,2205.0,0.0,0.0,6492.0,6492.0,75.0,3246.0,0.0,-340.0,-340.0,0.0,356.9599907398224,,,,,,,,,369.01812970960464,136.51563966862975,788.3345947265625,131.17288208007812,0.8888100000000004,3.3306690738754696e-16,0.8888100000000001,0.8888100000000001,95.637184,285.881,2532.9485,30.751036,-13.241769333333332,2.5886806354833003,-4.0,-16.8804,-3.5907665092023504,4.519428929508624,9.977241838674265,-9.599993354352966
67,2280.0,0.0,0.0,6642.0,6642.0,75.0,3321.0,0.0,-355.0,-355.0,1.0,367.49171209335327,,,,,,,,,303.3959515545819,199.0818263676139,1636.715087890625,103.53224182128906,0.8888100000000004,3.3306690738754696e-16,0.8888100000000001,0.8888100000000001,96.074196,321.93652,2839.7656,23.705301,-13.835789333333333,2.673765595438929,-4.0,-16.8804,-1.9916094101756157,3.9489831314231747,9.998201249998095,-7.726615969814559
68,2355.0,0.0,0.0,6792.0,6792.0,75.0,3396.0,0.0,-360.0,-360.0,1.0,377.5246295928955,,,,,,,,,352.9572644620328,126.03558899576285,717.183349609375,99.35752868652344,0.8888100000000004,3.3306690738754696e-16,0.8888100000000001,0.8888100000000001,66.13364,21.556532,116.13029,27.032085,-14.033796000000002,2.799715623913258,-4.0,-16.8804,-2.116908340131406,4.5656149679847235,9.997946865837594,-9.936030704118526
69,2430.0,0.0,0.0,6942.0,6942.0,75.0,3471.0,0.0,-390.0,-390.0,0.0,387.6051697731018,,,,,,,,,480.1465967539194,1135.379842686005,10116.5048828125,166.52442932128906,0.8888100000000004,3.3306690738754696e-16,0.8888100000000001,0.8888100000000001,130.74005,437.42023,3548.2874,24.325611,-15.221836,2.6817381276895778,-4.0,-16.8804,-1.8367513793027277,5.111182613096877,9.94047466093156,-9.999973563326982
70,2458.0,0.0,0.0,6998.0,6998.0,28.0,3499.0,0.0,-14.0,-14.0,0.0,391.45740032196045,,,,,,,,,301.1264411078559,95.70305280064304,575.6094970703125,101.67649841308594,0.88881,1.1102230246251565e-16,0.8888100000000001,0.8888100000000001,46.951782,18.232937,95.646065,19.97547,-0.8885750000000004,32.93106404464619,99.0,-16.8804,-2.399096105997331,3.518182451004643,8.613083504767772,-7.89930074456549
71,2464.0,0.0,0.0,7010.0,7010.0,6.0,3505.0,0.0,72.0,72.0,0.0,392.5487382411957,17.0,17.0,0.0,,,,,,326.4572387695313,52.57540807904109,423.7907409667969,277.23455810546875,0.8888100000000001,0.0,0.8888100000000001,0.8888100000000001,53.508934,13.439023,72.63142,35.24683,37.608,54.51339227385628,97.0,-16.8804,-1.4852286606005836,3.975558121712875,8.102471588018433,-8.385336120900517
72,2485.0,0.0,0.0,7052.0,7052.0,21.0,3526.0,0.0,-1.0,-1.0,0.0,395.53796315193176,,,,,,,,,365.81375274658205,154.25070377838694,736.1534423828125,127.467041015625,0.88881,1.1102230246251565e-16,0.8888100000000001,0.8888100000000001,64.03686,17.298225,95.6587,31.652971,0.6538666666666674,38.21554970780665,99.0,-16.8804,-4.441710853139384,3.5421731131395395,8.300311885260253,-8.408163146310788
73,2494.0,0.0,0.0,7070.0,7070.0,9.0,3535.0,0.0,67.0,67.0,1.0,396.76621770858765,,,,,,,,,441.4351005554199,109.76281521001587,600.9437255859375,297.323974609375,0.8888100000000001,0.0,0.8888100000000001,0.8888100000000001,78.149155,21.762339,106.20667,44.87173,23.421944444444446,49.979888485205535,99.0,-11.8804,2.572060115654952,5.2512725043451915,9.599945395430055,-8.096690219276352
74,2503.0,0.0,0.0,7088.0,7088.0,9.0,3544.0,0.0,62.0,62.0,0.0,398.0205795764923,,,,,,,,,382.08397102355957,189.34382261155838,807.1807861328125,169.6921844482422,0.8888100000000001,0.0,0.8888100000000001,0.8888100000000001,221.25934,414.27066,1316.5592,38.392742,21.77188888888889,51.185318489136336,99.0,-16.8804,4.211948408401924,4.665218553089318,9.902098913250303,-3.9687584519349826
75,2505.0,0.0,0.0,7092.0,7092.0,2.0,3546.0,0.0,95.0,95.0,0.0,398.32590413093567,,,,,,,,,327.33416748046875,0.0,327.33416748046875,327.33416748046875,0.8888100000000001,0.0,0.8888100000000001,0.8888100000000001,77.07315,0.0,77.07315,77.07315,96.505,2.4949999999999974,99.0,94.01,2.468257773549393,6.130257940284587,9.98994078048427,-4.099228129922575
76,2511.0,0.0,0.0,7104.0,7104.0,6.0,3552.0,0.0,72.0,72.0,0.0,399.1511797904968,,,,,,,,,626.4555969238281,205.85121016001523,931.1994018554688,376.00152587890625,0.8888100000000001,0.0,0.8888100000000001,0.8888100000000001,92.52122,20.66722,130.80914,74.26903,37.608,54.51339227385628,97.0,-16.8804,3.1291134012892305,5.782203481531872,9.995703556089902,-4.390076241399222
77,2586.0,0.0,0.0,7254.0,7254.0,75.0,3627.0,0.0,-355.0,-355.0,0.0,409.07118678092957,,,,,,,,,362.21558029587203,145.24457299276557,1086.43017578125,142.3175048828125,0.8888100000000004,3.3306690738754696e-16,0.8888100000000001,0.8888100000000001,63.868454,26.614273,186.6063,24.919964,-13.835789333333333,2.7697910497640237,-4.0,-16.8804,-2.559414089643682,4.421425259533213,9.99169998540249,-8.864001089707797
78,2598.0,0.0,0.0,7278.0,7278.0,12.0,3639.0,0.0,38.0,38.0,1.0,410.6717915534973,,,,,,,,,277.9897197376598,45.27694432993712,370.3354797363281,213.52247619628906,0.8888100000000001,0.0,0.8888100000000001,0.8888100000000001,46.29863,10.592344,74.74344,36.79653,10.797091666666665,46.97221376456615,97.0,-16.8804,0.18991194096246494,4.19411502013278,9.452242497603674,-5.002389228937093
79,2610.0,0.0,0.0,7302.0,7302.0,12.0,3651.0,0.0,45.0,45.0,0.0,412.310435295105,,,,,,,,,209.24209733442828,61.543334483070865,345.05804443359375,139.9051971435547,0.8888100000000001,0.0,0.8888100000000001,0.8888100000000001,49.66068,20.590239,108.71622,21.118723,12.529649999999998,47.14429657501,99.0,-16.8804,-1.458011309603839,2.297119316912684,5.825173556707279,-6.7598289540615495
80,2685.0,0.0,0.0,7452.0,7452.0,75.0,3726.0,0.0,-355.0,-355.0,0.0,422.2464745044708,,,,,,,,,298.8574839411555,119.23467883491853,652.2650146484375,74.24969482421875,0.8888100000000004,3.3306690738754696e-16,0.8888100000000001,0.8888100000000001,69.88108,119.22621,1073.9932,19.855131,-13.901129333333332,2.685036598572334,-4.0,-16.8804,-1.2150566673078715,4.648062061382169,9.990964069286795,-8.371232939099645
