Episode #,Training Iter,Epoch,In Heatup,ER #Transitions,ER #Episodes,Episode Length,Total steps,Epsilon,Shaped Training Reward,Training Reward,Update Target Network,Wall-Clock Time,Evaluation Reward,Shaped Evaluation Reward,Success Rate,Inverse Propensity Score,Direct Method Reward,Doubly Robust,Weighted Importance Sampling,Sequential Doubly Robust,Loss/Mean,Loss/Stdev,Loss/Max,Loss/Min,Learning Rate/Mean,Learning Rate/Stdev,Learning Rate/Max,Learning Rate/Min,Grads (unclipped)/Mean,Grads (unclipped)/Stdev,Grads (unclipped)/Max,Grads (unclipped)/Min,Discounted Return/Mean,Discounted Return/Stdev,Discounted Return/Max,Discounted Return/Min,Q/Mean,Q/Stdev,Q/Max,Q/Min
1,0.0,0.0,1.0,122.0,122.0,61.0,61.0,0.0,,,0.0,0.034177541732788086,,,,,,,,,,,,,,,,,,,,,-388.95081967213116,1621.6397633788642,11931.0,-1137.0,,,,
2,0.0,0.0,1.0,272.0,272.0,75.0,136.0,0.0,,,0.0,0.6960771083831787,,,,,,,,,,,,,,,,,,,,,-616.04,232.1827119605018,-4.0,-1137.0,,,,
3,0.0,0.0,1.0,332.0,332.0,30.0,166.0,0.0,,,0.0,0.9480185508728027,,,,,,,,,,,,,,,,,,,,,-108.13333333333334,2266.102053208451,11931.0,-1137.0,,,,
4,0.0,0.0,1.0,482.0,482.0,75.0,241.0,0.0,,,0.0,1.5333476066589355,,,,,,,,,,,,,,,,,,,,,-616.04,232.18271196050176,-4.0,-1137.0,,,,
5,0.0,0.0,1.0,508.0,508.0,13.0,254.0,0.0,,,0.0,1.6707022190093994,,,,,,,,,,,,,,,,,,,,,595.0,3303.035806415295,11931.0,-587.0,,,,
6,0.0,0.0,1.0,602.0,602.0,47.0,301.0,0.0,,,0.0,2.065321445465088,,,,,,,,,,,,,,,,,,,,,-352.0,1810.6739194435843,11689.0,-1137.0,,,,
7,0.0,0.0,1.0,630.0,630.0,14.0,315.0,0.0,,,0.0,2.2166898250579834,,,,,,,,,,,,,,,,,,,,,471.2857142857143,3213.988875182352,11931.0,-1137.0,,,,
8,0.0,0.0,1.0,670.0,670.0,20.0,335.0,0.0,,,0.0,2.4079530239105225,,,,,,,,,,,,,,,,,,,,,170.3,2728.037648200626,11931.0,-1137.0,,,,
9,0.0,0.0,1.0,820.0,820.0,75.0,410.0,0.0,,,0.0,2.964494466781616,,,,,,,,,,,,,,,,,,,,,-580.5733333333334,197.3022164655588,-4.0,-1137.0,,,,
10,0.0,0.0,1.0,840.0,840.0,10.0,420.0,0.0,,,0.0,3.080686330795288,,,,,,,,,,,,,,,,,,,,,846.0,3656.128307376534,11689.0,-1137.0,,,,
11,0.0,0.0,1.0,990.0,990.0,75.0,495.0,0.0,,,0.0,3.66290545463562,,,,,,,,,,,,,,,,,,,,,-599.1066666666667,216.02521910390206,-4.0,-1137.0,,,,
12,0.0,0.0,1.0,1040.0,1040.0,25.0,520.0,0.0,,,0.0,3.885855197906494,,,,,,,,,,,,,,,,,,,,,3.24,2465.078680772685,11931.0,-1137.0,,,,
13,0.0,0.0,1.0,1190.0,1190.0,75.0,595.0,0.0,,,0.0,4.472073554992676,,,,,,,,,,,,,,,,,,,,,-633.7733333333333,245.87745312564866,-4.0,-1137.0,,,,
14,0.0,0.0,1.0,1274.0,1274.0,42.0,637.0,0.0,,,0.0,4.818229675292969,,,,,,,,,,,,,,,,,,,,,-276.73809523809524,1938.4395179471628,11931.0,-1137.0,,,,
15,0.0,0.0,1.0,1280.0,1280.0,3.0,640.0,0.0,,,0.0,4.891375541687012,,,,,,,,,,,,,,,,,,,,,4371.666666666667,5360.391113425297,11931.0,99.0,,,,
16,0.0,0.0,1.0,1320.0,1320.0,20.0,660.0,0.0,,,0.0,5.096627235412598,,,,,,,,,,,,,,,,,,,,,134.05,2740.510599778808,11931.0,-1137.0,,,,
17,0.0,0.0,1.0,1470.0,1470.0,75.0,735.0,0.0,,,0.0,5.666027307510376,,,,,,,,,,,,,,,,,,,,,-624.9066666666666,239.29246670595842,-4.0,-1137.0,,,,
18,0.0,0.0,1.0,1620.0,1620.0,75.0,810.0,0.0,,,0.0,6.229305982589722,,,,,,,,,,,,,,,,,,,,,-633.7733333333333,244.2856018861711,-9.0,-1137.0,,,,
19,0.0,0.0,1.0,1760.0,1760.0,70.0,880.0,0.0,,,0.0,6.774054765701294,,,,,,,,,,,,,,,,,,,,,-424.4428571428571,1490.1554534028062,11689.0,-1137.0,,,,
20,0.0,0.0,1.0,1824.0,1824.0,32.0,912.0,0.0,,,0.0,7.041228771209717,,,,,,,,,,,,,,,,,,,,,-134.625,2196.541482507216,11931.0,-1137.0,,,,
21,0.0,0.0,1.0,1854.0,1854.0,15.0,927.0,0.0,,,0.0,7.18988823890686,,,,,,,,,,,,,,,,,,,,,404.4,3115.0775228448706,11931.0,-1137.0,,,,
22,0.0,0.0,1.0,1880.0,1880.0,13.0,940.0,0.0,,,0.0,7.335153102874756,,,,,,,,,,,,,,,,,,,,,599.6153846153846,3301.421897361605,11931.0,-532.0,,,,
23,0.0,0.0,1.0,1982.0,1982.0,51.0,991.0,0.0,,,0.0,7.730124235153198,,,,,,,,,,,,,,,,,,,,,-321.7843137254902,1761.7946878416,11931.0,-1137.0,,,,
24,0.0,0.0,1.0,2132.0,2132.0,75.0,1066.0,0.0,,,1.0,8.309830904006958,,,,,,,,,,,,,,,,,,,,,-642.64,251.8507303940173,-4.0,-1137.0,,,,
25,74.0,0.0,0.0,2282.0,2282.0,75.0,1141.0,0.0,-330.0,-330.0,0.0,17.914905071258545,,,,,,,,,222.15662775812922,123.68132810612722,444.04827880859375,46.368072509765625,0.00025000000000000006,5.421010862427522e-20,0.00025,0.00025,317.02444,328.70285,1795.4512,31.186426,-563.64,174.59985796099608,-4.0,-1137.0,5.464616992101766,2.994535561341557,9.555765242973575,-0.03136014345780058
26,149.0,0.0,0.0,2432.0,2432.0,75.0,1216.0,0.0,-315.0,-315.0,1.0,26.418267250061035,,,,,,,,,1099.2863777521495,1427.2796698074935,6177.6279296875,2.606553077697754,0.00025000000000000006,5.421010862427522e-20,0.00025,0.00025,109688.07,131399.39,455134.06,769.71844,-545.1066666666667,146.39586272235368,-4.0,-1137.0,1.6710130817638826,6.34958809305134,10.00000031120507,-9.200000080935743
27,224.0,0.0,0.0,2582.0,2582.0,75.0,1291.0,0.0,-365.0,-365.0,0.0,35.15097188949585,,,,,,,,,2851.094356743065,2285.0103817616255,12080.75390625,77.6422119140625,0.00025000000000000006,5.421010862427522e-20,0.00025,0.00025,346962.3,238347.75,1346678.5,13724.244,-633.7733333333333,245.87745312564863,-4.0,-1137.0,1.8243230028201491,4.9757525914845155,10.000000000531466,-8.879511594772339
28,299.0,0.0,0.0,2732.0,2732.0,75.0,1366.0,0.0,-320.0,-320.0,1.0,44.29553198814392,,,,,,,,,7233.256442508182,5451.644864472656,24416.7734375,418.19000244140625,0.00025000000000000006,5.421010862427522e-20,0.00025,0.00025,680837.4,512361.53,2343802.5,49180.54,-553.9733333333334,161.37442782409968,-4.0,-1137.0,1.5849005096702058,7.495114572559868,10.0,-9.2
29,308.0,0.0,0.0,2750.0,2750.0,9.0,1375.0,0.0,62.0,62.0,0.0,45.453465938568115,,,,,,,,,8025.998870849609,4273.778879574329,16704.16015625,2961.324951171875,0.00025,0.0,0.00025,0.00025,704218.2,289279.88,1131215.8,258187.88,1028.6666666666667,3898.534909994323,11931.0,-1137.0,2.846062255166318,7.624932909920661,10.0,-9.20000000000996
30,317.0,0.0,0.0,2768.0,2768.0,9.0,1384.0,0.0,67.0,67.0,0.0,46.520336627960205,,,,,,,,,4910.874881744385,5751.293770795623,19356.970703125,379.4024963378906,0.00025,0.0,0.00025,0.00025,431847.34,304916.78,1095850.2,118076.01,1102.5555555555557,3862.832470009284,11931.0,-532.0,3.2495582491218755,7.034828578958894,10.0,-9.200000000000001
31,392.0,0.0,0.0,2918.0,2918.0,75.0,1459.0,0.0,-315.0,-315.0,1.0,55.51865243911743,,,,,,,,,2528.542950398213,2202.6415474427454,12913.79296875,118.81834411621094,0.00025000000000000006,5.421010862427522e-20,0.00025,0.00025,283313.94,186518.62,859947.9,38338.77,-545.1066666666667,146.39586272235368,-4.0,-1137.0,-0.21861316751656765,7.142383032715514,10.0,-9.20000004105626
32,467.0,0.0,0.0,3068.0,3068.0,75.0,1534.0,0.0,-305.0,-305.0,1.0,64.25950932502747,,,,,,,,,854.0497860264134,676.5530712329474,3924.27880859375,70.76431274414062,0.00025000000000000006,5.421010862427522e-20,0.00025,0.00025,108216.35,66631.875,273002.4,11233.695,-527.3733333333333,108.35186795292866,-4.0,-1137.0,4.286788513035707,7.416407603545902,10.0,-9.20000024028926
33,542.0,0.0,0.0,3218.0,3218.0,75.0,1609.0,0.0,-310.0,-310.0,1.0,73.00463628768921,,,,,,,,,750.474068100388,588.6408453309933,3155.34033203125,132.19375610351562,0.00025000000000000006,5.421010862427522e-20,0.00025,0.00025,76944.55,39226.4,178681.56,13691.595,-536.24,129.0912690050467,-4.0,-1137.0,-1.0989017278963011,6.704441306762314,9.999999999999904,-9.200000038128703
34,618.0,0.0,0.0,3368.0,3368.0,75.0,1684.0,0.0,,,0.0,82.51233291625977,,,,,,,,,,,,,,,,,,,,,,,,,0.04624783081445666,3.949941684126178,10.0,-9.199999815812237
35,692.0,0.0,0.0,3518.0,3518.0,75.0,1759.0,0.0,-350.0,-350.0,0.0,92.41489005088806,-325.0,-325.0,0.0,,,,,,3481.4694081899283,3227.817369180092,19073.013671875,465.3233642578125,0.00025000000000000006,5.421010862427522e-20,0.00025,0.00025,350027.7,265194.3,1139214.1,54507.44,-607.1733333333333,224.49833694014058,-4.0,-1137.0,1.6261563483247359,6.137794226755078,10.000000000022508,-9.2
36,767.0,0.0,0.0,3668.0,3668.0,75.0,1834.0,0.0,-300.0,-300.0,1.0,102.08168983459473,,,,,,,,,1864.7631816864014,1628.3672730571607,6712.89404296875,35.6270866394043,0.00025000000000000006,5.421010862427522e-20,0.00025,0.00025,187210.6,142350.34,668393.8,47313.906,-518.5066666666667,81.59940740525565,-4.0,-532.0,0.7985861838216297,7.36234757176026,10.000000017356482,-9.200000510050053
37,842.0,0.0,0.0,3818.0,3818.0,75.0,1909.0,0.0,-320.0,-320.0,1.0,110.88338041305542,,,,,,,,,1129.7577599705876,975.1538421684085,5463.9404296875,42.518131256103516,0.00025000000000000006,5.421010862427522e-20,0.00025,0.00025,123277.24,68375.25,300631.9,20436.084,-553.9733333333334,161.37442782409968,-4.0,-1137.0,2.243052593122301,6.338560028597637,10.000000219240361,-9.194143579045248
38,917.0,0.0,0.0,3968.0,3968.0,75.0,1984.0,0.0,-310.0,-310.0,0.0,119.68194055557251,,,,,,,,,1341.8530226011535,1062.2051189674667,4491.0029296875,94.34613037109375,0.00025000000000000006,5.421010862427522e-20,0.00025,0.00025,190544.33,123786.87,527148.1,20518.848,-528.1733333333333,108.57051451578472,-4.0,-1137.0,2.1562212851416196,7.204064188361361,10.000000001306772,-9.200000457168656
39,992.0,0.0,0.0,4118.0,4118.0,75.0,2059.0,0.0,-300.0,-300.0,1.0,128.5165717601776,,,,,,,,,2899.5875759640257,2753.814650981552,17540.9296875,328.625,0.00025000000000000006,5.421010862427522e-20,0.00025,0.00025,331231.4,247221.33,1119992.9,63829.793,-518.5066666666667,81.59940740525565,-4.0,-532.0,3.5099550922784584,7.071497497250825,10.000000023631374,-9.20000001600679
40,1067.0,0.0,0.0,4268.0,4268.0,75.0,2134.0,0.0,-305.0,-305.0,0.0,137.2259645462036,,,,,,,,,4737.844316276344,5077.051290369448,25059.943359375,35.607547760009766,0.00025000000000000006,5.421010862427522e-20,0.00025,0.00025,706879.0,553101.4,2346229.8,113141.63,-527.3733333333333,108.35186795292864,-4.0,-1137.0,3.2819903271490984,8.019309806660155,10.000000000000295,-9.20000000008291
41,1142.0,0.0,0.0,4418.0,4418.0,75.0,2209.0,0.0,-305.0,-305.0,1.0,146.20709466934204,,,,,,,,,14992.975006515915,11712.137858253149,55684.72265625,173.10446166992188,0.00025000000000000006,5.421010862427522e-20,0.00025,0.00025,1485620.6,848601.0,4879735.5,197985.95,-527.3733333333333,108.35186795292866,-4.0,-1137.0,-0.12589376094638977,6.495690899903188,10.000000033353073,-9.600000529151274
42,1211.0,0.0,0.0,4556.0,4556.0,69.0,2278.0,0.0,-213.0,-213.0,0.0,154.40977835655212,,,,,,,,,2846.0352226706113,2228.9620306429197,11795.0859375,268.87652587890625,0.00025,0.0,0.00025,0.00025,298770.97,193421.08,1254568.5,68647.336,-387.1304347826087,1520.2863852352605,11931.0,-1137.0,7.5469375230387685,4.92015145751173,10.000000002095511,-9.199999999999948
43,1286.0,0.0,0.0,4706.0,4706.0,75.0,2353.0,0.0,-325.0,-325.0,1.0,163.15541434288025,,,,,,,,,802.8098988919645,1282.1504046861085,8920.6552734375,77.02017211914062,0.00025000000000000006,5.421010862427522e-20,0.00025,0.00025,99984.84,118048.89,560555.7,2448.7542,-562.84,174.6265378839463,-4.0,-1137.0,3.7679457888972925,5.705115860021321,10.000000008593577,-9.199999999133555
44,1362.0,0.0,0.0,4856.0,4856.0,75.0,2428.0,0.0,,,0.0,172.77372765541077,,,,,,,,,,,,,,,,,,,,,,,,,7.766725183518953,2.0517732924246377,9.888413989240792,-3.919533880844641
45,1422.0,0.0,0.0,4978.0,4978.0,61.0,2489.0,0.0,-146.0,-146.0,1.0,179.76517581939697,-305.0,-305.0,0.0,,,,,,91.1270097732544,50.268698245382105,302.638671875,29.339881896972656,0.00025,0.0,0.00025,0.00025,3787.2383,3101.3872,14875.179,662.8053,-291.8196721311475,1593.1378822136376,11931.0,-587.0,8.105751521344972,1.7977644664890775,9.952898536034667,-3.91819025896738
46,1441.0,0.0,0.0,5016.0,5016.0,19.0,2508.0,0.0,27.0,27.0,1.0,181.98015427589417,,,,,,,,,75.77178361680772,46.887791849359836,215.49525451660156,23.688735961914062,0.00025,0.0,0.00025,0.00025,9754.582,7705.111,32217.15,1716.502,242.26315789473685,2781.0357185030957,11931.0,-532.0,8.540368041096555,2.1715401579757274,9.99424034995288,-3.0829956298880647
47,1516.0,0.0,0.0,5166.0,5166.0,75.0,2583.0,0.0,-315.0,-315.0,0.0,190.64389181137085,,,,,,,,,375.0504148586376,530.2320034542712,3301.0087890625,28.00273895263672,0.00025000000000000006,5.421010862427522e-20,0.00025,0.00025,65213.574,66953.14,341492.53,2275.9773,-545.1066666666667,146.39586272235368,-4.0,-1137.0,4.0882875826646625,6.7253772148405595,9.99999999996655,-8.84656358336114
48,1591.0,0.0,0.0,5316.0,5316.0,75.0,2658.0,0.0,-310.0,-310.0,1.0,199.27889895439148,,,,,,,,,12320.136012515506,9691.799599928148,46107.6484375,99.01393127441406,0.00025000000000000006,5.421010862427522e-20,0.00025,0.00025,1440680.8,1180922.5,6135652.0,147411.97,-536.24,129.0912690050467,-4.0,-1137.0,0.8974566497210572,7.117248724586993,10.0,-9.20000000568116
49,1666.0,0.0,0.0,5466.0,5466.0,75.0,2733.0,0.0,-310.0,-310.0,1.0,208.0740442276001,,,,,,,,,45972.21508954022,36521.80177740362,219535.8125,768.1688232421875,0.00025000000000000006,5.421010862427522e-20,0.00025,0.00025,6097323.0,4163749.8,19857598.0,1291268.5,-536.24,129.0912690050467,-4.0,-1137.0,-1.2620322204929555,7.736725682561936,10.0,-9.2
50,1741.0,0.0,0.0,5616.0,5616.0,75.0,2808.0,0.0,-300.0,-300.0,0.0,216.83175492286682,,,,,,,,,32747.939162795607,23584.618279390314,102456.8984375,857.12109375,0.00025000000000000006,5.421010862427522e-20,0.00025,0.00025,5241002.0,2189625.8,10863208.0,1772080.1,-518.5066666666667,81.59940740525565,-4.0,-532.0,-3.259234146591823,6.077182175147311,10.0000000000035,-9.20000018354699
51,1816.0,0.0,0.0,5766.0,5766.0,75.0,2883.0,0.0,-300.0,-300.0,0.0,225.5675449371338,,,,,,,,,57123.12370671453,34882.5736452588,203985.4375,9071.1298828125,0.00025000000000000006,5.421010862427522e-20,0.00025,0.00025,6407576.5,3202624.5,15103103.0,1730217.2,-518.5066666666667,81.59940740525565,-4.0,-532.0,-0.5600769087848803,6.237300206147252,10.0,-9.2
52,1891.0,0.0,0.0,5916.0,5916.0,75.0,2958.0,0.0,-320.0,-320.0,1.0,235.20767188072205,,,,,,,,,34242.69160420186,18956.310315169398,93193.375,8702.017578125,0.00025000000000000006,5.421010862427522e-20,0.00025,0.00025,4488053.0,2445954.0,14850969.0,1201604.1,-553.9733333333334,161.37442782409968,-4.0,-1137.0,-0.6158256294744588,4.908966002038782,10.000000000000002,-9.600000381469727
53,1966.0,0.0,0.0,6066.0,6066.0,75.0,3033.0,0.0,-315.0,-315.0,1.0,246.65214157104492,,,,,,,,,24195.481187975085,18849.63701291384,98986.46875,1381.6923828125,0.00025000000000000006,5.421010862427522e-20,0.00025,0.00025,3512840.8,1659920.9,7345997.5,914299.3,-545.1066666666667,146.39586272235368,-4.0,-1137.0,0.2746787578535588,6.126618579992219,10.000000009486277,-9.2
54,2004.0,0.0,0.0,6140.0,6140.0,5.0,3070.0,0.0,,,0.0,252.57764601707458,,,,,,,,,,,,,,,,,,,,,,,,,3.6599999770889555,6.104785039069556,10.0,-8.800000190734863
55,2078.0,0.0,0.0,6290.0,6290.0,75.0,3145.0,0.0,-320.0,-320.0,0.0,265.01687121391296,83.0,83.0,0.0,,,,,,9997.55816237991,9550.598046717289,53044.1015625,675.25048828125,0.00025000000000000006,5.421010862427522e-20,0.00025,0.00025,1695162.6,869438.7,4251265.5,212705.4,-553.9733333333334,161.37442782409968,-4.0,-1137.0,1.4561623434992177,7.114880436465874,10.000000000048225,-9.594074692136298
56,2153.0,0.0,0.0,6440.0,6440.0,75.0,3220.0,0.0,-305.0,-305.0,0.0,274.260550737381,,,,,,,,,9131.293684263486,8397.08937586647,52274.4921875,161.6697998046875,0.00025000000000000006,5.421010862427522e-20,0.00025,0.00025,1244406.1,711445.3,3599286.2,314613.22,-527.3733333333333,108.35186795292866,-4.0,-1137.0,-2.9354335155712183,4.319233071364258,10.000000070239349,-9.20000000012275
57,2167.0,0.0,0.0,6468.0,6468.0,14.0,3234.0,0.0,37.0,37.0,1.0,275.94722723960876,,,,,,,,,12180.773583045373,10361.590752404894,36981.32421875,931.4181518554688,0.0002500000000000001,1.0842021724855044e-19,0.00025,0.00025,2109366.2,1093746.4,3740675.2,602549.7,423.7857142857143,3232.5134002279187,11931.0,-1137.0,1.8017814196768622,4.205760416042514,10.000000033897145,-9.199971463042697
58,2242.0,0.0,0.0,6618.0,6618.0,75.0,3309.0,0.0,-315.0,-315.0,1.0,284.97192907333374,,,,,,,,,7695.934697331609,6111.4822308163475,45879.8984375,1243.801025390625,0.00025000000000000006,5.421010862427522e-20,0.00025,0.00025,1646734.5,839412.6,4722062.0,518687.22,-545.1066666666667,146.39586272235368,-4.0,-1137.0,1.281313986644739,7.226907908563792,10.000000006097634,-9.200000298543864
59,2317.0,0.0,0.0,6768.0,6768.0,75.0,3384.0,0.0,-305.0,-305.0,0.0,294.4031972885132,,,,,,,,,16978.52466810072,22141.069352227,166652.3125,2.6271226947344184e-13,0.00025000000000000006,5.421010862427522e-20,0.00025,0.00025,2580340.8,1839424.6,10138166.0,698029.8,-527.3733333333333,108.35186795292864,-4.0,-1137.0,-1.7932465555818562,6.3257538006917935,10.0,-9.600000381469727
60,2392.0,0.0,0.0,6918.0,6918.0,75.0,3459.0,0.0,-305.0,-305.0,0.0,303.42637395858765,,,,,,,,,20420.14730917441,15712.011858006043,90086.984375,468.0947265625,0.00025000000000000006,5.421010862427522e-20,0.00025,0.00025,2987706.5,1719875.1,8636791.0,828525.6,-527.3733333333333,104.68935295540909,-9.0,-1137.0,-2.325850178236265,6.474706969512148,10.0,-9.200000040517278
