Episode #,Training Iter,Epoch,In Heatup,ER #Transitions,ER #Episodes,Episode Length,Total steps,Epsilon,Shaped Training Reward,Training Reward,Update Target Network,Wall-Clock Time,Evaluation Reward,Shaped Evaluation Reward,Success Rate,Inverse Propensity Score,Direct Method Reward,Doubly Robust,Weighted Importance Sampling,Sequential Doubly Robust,Loss/Mean,Loss/Stdev,Loss/Max,Loss/Min,Learning Rate/Mean,Learning Rate/Stdev,Learning Rate/Max,Learning Rate/Min,Grads (unclipped)/Mean,Grads (unclipped)/Stdev,Grads (unclipped)/Max,Grads (unclipped)/Min,Discounted Return/Mean,Discounted Return/Stdev,Discounted Return/Max,Discounted Return/Min,Q/Mean,Q/Stdev,Q/Max,Q/Min
1,0.0,0.0,1.0,22.0,22.0,11.0,11.0,0.0,,,0.0,0.026699304580688477,,,,,,,,,,,,,,,,,,,,,11148.90909090909,57264.01021180049,191484.0,-17604.0,,,,
2,0.0,0.0,1.0,38.0,38.0,8.0,19.0,0.0,,,0.0,0.19913673400878906,,,,,,,,,,,,,,,,,,,,,17806.0,64463.84520217515,187612.0,-17604.0,,,,
3,0.0,0.0,1.0,128.0,128.0,45.0,64.0,0.0,,,0.0,0.5556125640869141,,,,,,,,,,,,,,,,,,,,,-3922.0666666666666,29677.12411224062,191484.0,-17604.0,,,,
4,0.0,0.0,1.0,158.0,158.0,15.0,79.0,0.0,,,0.0,0.7041430473327637,,,,,,,,,,,,,,,,,,,,,5402.466666666666,50001.46671964289,191484.0,-17604.0,,,,
5,0.0,0.0,1.0,206.0,206.0,24.0,103.0,0.0,,,0.0,0.9206922054290771,,,,,,,,,,,,,,,,,,,,,-420.375,40312.486255101016,191484.0,-17604.0,,,,
6,0.0,0.0,1.0,356.0,356.0,75.0,178.0,0.0,,,0.0,1.49583101272583,,,,,,,,,,,,,,,,,,,,,-9035.813333333334,3591.6468263396328,-4.0,-17604.0,,,,
7,0.0,0.0,1.0,378.0,378.0,11.0,189.0,0.0,,,0.0,1.6199464797973633,,,,,,,,,,,,,,,,,,,,,12049.363636363636,56881.32091912188,191484.0,-7924.0,,,,
8,0.0,0.0,1.0,528.0,528.0,75.0,264.0,0.0,,,0.0,2.1915206909179688,,,,,,,,,,,,,,,,,,,,,-9432.013333333334,3951.200399856001,-4.0,-17604.0,,,,
9,0.0,0.0,1.0,654.0,654.0,63.0,327.0,0.0,,,0.0,2.6827707290649414,,,,,,,,,,,,,,,,,,,,,-6008.809523809524,25412.48483371975,191484.0,-17604.0,,,,
10,0.0,0.0,1.0,776.0,776.0,61.0,388.0,0.0,,,0.0,3.1624457836151123,,,,,,,,,,,,,,,,,,,,,-6108.393442622951,25864.969723470054,191484.0,-17604.0,,,,
11,0.0,0.0,1.0,860.0,860.0,42.0,430.0,0.0,,,0.0,3.493590831756592,,,,,,,,,,,,,,,,,,,,,-3636.214285714286,30698.785458785787,191484.0,-17604.0,,,,
12,0.0,0.0,1.0,902.0,902.0,21.0,451.0,0.0,,,0.0,3.689589262008667,,,,,,,,,,,,,,,,,,,,,1028.904761904762,42430.43213241306,189548.0,-17604.0,,,,
13,0.0,0.0,1.0,1052.0,1052.0,75.0,526.0,0.0,,,0.0,4.264688968658447,,,,,,,,,,,,,,,,,,,,,-9435.013333333334,3950.135844055099,-4.0,-17604.0,,,,
14,0.0,0.0,1.0,1202.0,1202.0,75.0,601.0,0.0,,,0.0,4.823413610458374,,,,,,,,,,,,,,,,,,,,,-9299.946666666667,3839.5072666279575,-4.0,-17604.0,,,,
15,0.0,0.0,1.0,1276.0,1276.0,37.0,638.0,0.0,,,0.0,5.126324415206909,,,,,,,,,,,,,,,,,,,,,-3116.4054054054054,32353.21826296082,189548.0,-17604.0,,,,
16,0.0,0.0,1.0,1304.0,1304.0,14.0,652.0,0.0,,,0.0,5.269278049468994,,,,,,,,,,,,,,,,,,,,,6479.785714285715,50532.041272526956,187612.0,-17604.0,,,,
17,0.0,0.0,1.0,1454.0,1454.0,75.0,727.0,0.0,,,0.0,5.828060626983643,,,,,,,,,,,,,,,,,,,,,-9564.08,4055.2687794522326,-4.0,-17604.0,,,,
18,0.0,0.0,1.0,1558.0,1558.0,52.0,779.0,0.0,,,0.0,6.229151248931885,,,,,,,,,,,,,,,,,,,,,-4651.2692307692305,27696.991445278352,191484.0,-17604.0,,,,
19,0.0,0.0,1.0,1708.0,1708.0,75.0,854.0,0.0,,,0.0,6.770828008651733,,,,,,,,,,,,,,,,,,,,,-9302.946666666667,3832.589477601563,-9.0,-17604.0,,,,
20,0.0,0.0,1.0,1766.0,1766.0,29.0,883.0,0.0,,,0.0,7.01572060585022,,,,,,,,,,,,,,,,,,,,,-1372.551724137931,36679.01254789589,191484.0,-17604.0,,,,
21,0.0,0.0,1.0,1916.0,1916.0,75.0,958.0,0.0,,,0.0,7.567936897277832,,,,,,,,,,,,,,,,,,,,,-9170.88,3719.1400545825104,-4.0,-17604.0,,,,
22,0.0,0.0,1.0,2066.0,2066.0,75.0,1033.0,0.0,,,1.0,8.115218877792358,,,,,,,,,,,,,,,,,,,,,-9432.013333333334,3951.200399856001,-4.0,-17604.0,,,,
23,74.0,0.0,0.0,2216.0,2216.0,75.0,1108.0,0.0,-350.0,-350.0,1.0,18.216968536376953,,,,,,,,,213.1043882369995,111.41055081336727,443.16912841796875,9.711797714233398,0.00025000000000000006,5.421010862427522e-20,0.00025,0.00025,802.45087,1996.935,15593.134,28.580603,-9035.813333333334,3585.1693765412106,-9.0,-17604.0,5.751846579351333,2.756043585947049,9.980529635623906,-0.02301117181777898
24,149.0,0.0,0.0,2366.0,2366.0,75.0,1183.0,0.0,-310.0,-310.0,1.0,27.308323621749878,,,,,,,,,630.7334966178908,782.963645293889,4292.849609375,0.013668556697666645,0.00025000000000000006,5.421010862427522e-20,0.00025,0.00025,64208.785,72709.39,272177.16,58.037617,-7979.28,2032.9564518044485,-4.0,-17604.0,3.171407219047135,6.5958785420459884,10.0,-8.799467324828601
25,224.0,0.0,0.0,2516.0,2516.0,75.0,1258.0,0.0,-345.0,-345.0,0.0,36.45588254928589,,,,,,,,,699.0961004205652,556.3014399608411,2113.15869140625,26.203998565673828,0.00025000000000000006,5.421010862427522e-20,0.00025,0.00025,72638.76,42450.06,174620.86,12660.764,-8903.746666666666,3453.4245731576207,-4.0,-17604.0,-3.088996160570934,5.004216486492888,9.999999999767027,-9.600000006865082
26,234.0,0.0,0.0,2536.0,2536.0,10.0,1268.0,0.0,53.0,53.0,1.0,37.72267174720764,,,,,,,,,494.1092987060547,330.85267042122666,1026.04638671875,50.47943115234375,0.00025,0.0,0.00025,0.00025,70940.58,43990.324,175223.98,25926.203,12065.7,60141.699143023885,191484.0,-17604.0,6.516630783554116,5.306991011220444,9.99999999999172,-8.799930755376938
27,309.0,0.0,0.0,2686.0,2686.0,75.0,1343.0,0.0,-380.0,-380.0,0.0,48.45023202896118,,,,,,,,,1583.6984017861855,1105.1365319925762,7165.23828125,313.83795166015625,0.00025000000000000006,5.421010862427522e-20,0.00025,0.00025,165360.75,99954.49,427284.66,35347.074,-9699.146666666667,4151.5793129629865,-4.0,-17604.0,0.3207726468352646,7.4821751005237145,10.00000001559763,-9.20000042038287
28,384.0,0.0,0.0,2836.0,2836.0,75.0,1418.0,0.0,-375.0,-375.0,1.0,58.8231086730957,,,,,,,,,816.2323651958156,1181.327057637976,9237.142578125,26.320676803588867,0.00025000000000000006,5.421010862427522e-20,0.00025,0.00025,56138.395,72224.805,511357.97,1196.6226,-9567.08,4048.523944221318,-9.0,-17604.0,6.52400302767252,5.855294539415022,10.000000000000005,-9.196564731771222
29,459.0,0.0,0.0,2986.0,2986.0,75.0,1493.0,0.0,-340.0,-340.0,0.0,68.70063662528992,,,,,,,,,173.62752233969198,85.01664683231299,531.5845947265625,49.55542755126953,0.00025000000000000006,5.421010862427522e-20,0.00025,0.00025,6960.561,6638.2124,46250.676,817.38116,-8771.68,3304.1598676415965,-4.0,-17604.0,5.024164658073959,3.7360028268835292,9.969804304258538,-6.577692485466691
30,472.0,0.0,0.0,3012.0,3012.0,13.0,1506.0,0.0,34.0,34.0,0.0,70.35012435913086,,,,,,,,,167.25879192352295,71.86757031859428,320.6529541015625,43.705081939697266,0.00025000000000000006,5.421010862427522e-20,0.00025,0.00025,7125.4297,3892.8542,14703.607,2782.2295,6386.0,52671.9705463045,187612.0,-17604.0,5.196042708557695,4.223273220430855,9.88816737729123,-6.893826134398836
31,547.0,0.0,0.0,3162.0,3162.0,75.0,1581.0,0.0,-380.0,-380.0,0.0,79.46803832054138,,,,,,,,,185.18446535677523,89.85748776774993,618.714111328125,43.42807388305664,0.00025000000000000006,5.421010862427522e-20,0.00025,0.00025,9367.005,9951.318,61021.42,825.20355,-9828.213333333333,4243.708385499121,-4.0,-17604.0,4.268169834143262,4.738096007351986,9.999717413814595,-8.627308489863124
32,562.0,0.0,0.0,3190.0,3190.0,75.0,1595.0,0.0,,,0.0,82.29511594772339,,,,,,,,,,,,,,,,,,,,,,,,,4.810603052940078,6.6963181909104375,9.999999971229236,-9.104021086335317
33,563.0,0.0,0.0,3194.0,3194.0,2.0,1597.0,0.0,95.0,95.0,0.0,82.46969652175903,-380.0,-380.0,0.0,,,,,,226.32952880859375,0.0,226.32952880859375,226.32952880859375,0.00025,0.0,0.00025,0.00025,20484.729,0.0,20484.729,20484.729,2225.5,2126.5,4352.0,99.0,5.037628578132116,5.526224915386366,9.99993038586114,-6.984844051403072
34,565.0,0.0,0.0,3198.0,3198.0,2.0,1599.0,0.0,95.0,95.0,0.0,82.73009037971497,,,,,,,,,341.3725891113281,0.0,341.3725891113281,341.3725891113281,0.00025,0.0,0.00025,0.00025,37122.293,0.0,37122.293,37122.293,2225.5,2126.5,4352.0,99.0,4.209267505039769,5.83082287940906,9.999763677754737,-9.193471466156993
35,576.0,0.0,0.0,3220.0,3220.0,11.0,1610.0,0.0,54.0,54.0,0.0,84.07588934898376,,,,,,,,,333.7517936706543,166.54460848019593,701.52197265625,106.65546417236328,0.00025000000000000006,5.421010862427522e-20,0.00025,0.00025,28163.582,14101.812,52880.242,5844.1733,11148.90909090909,57264.01021180049,191484.0,-17604.0,1.6267162568259002,7.594029700716874,9.999995109706015,-9.199211724311496
36,651.0,0.0,0.0,3370.0,3370.0,75.0,1685.0,0.0,-325.0,-325.0,0.0,96.73177576065063,,,,,,,,,488.38482738185576,414.812345474366,2045.4320068359375,84.38946533203125,0.00025000000000000006,5.421010862427522e-20,0.00025,0.00025,46746.727,39122.71,176582.9,3698.4968,-8246.413333333334,2555.9117986520755,-4.0,-17604.0,1.9731451933567223,6.3768739960148695,10.0,-9.600000515865442
37,656.0,0.0,0.0,3380.0,3380.0,5.0,1690.0,0.0,83.0,83.0,0.0,97.96450781822205,,,,,,,,,899.7941360473633,482.9365560016016,1379.20947265625,104.64736938476562,0.00025,0.0,0.00025,0.00025,106911.5,64360.73,187724.48,9017.806,36017.4,77877.32147319912,191484.0,-7924.0,0.856402182798686,8.234159059572944,10.0,-9.591528380719982
38,658.0,0.0,0.0,3384.0,3384.0,2.0,1692.0,0.0,95.0,95.0,0.0,98.51544189453125,,,,,,,,,2304.816162109375,0.0,2304.816162109375,2304.816162109375,0.00025,0.0,0.00025,0.00025,163846.73,0.0,163846.73,163846.73,2225.5,2126.5,4352.0,99.0,-7.905244650682001,2.4081579948552996,7.893878302013684,-9.200004310287845
39,677.0,0.0,0.0,3422.0,3422.0,19.0,1711.0,0.0,5.0,5.0,1.0,101.56548309326172,,,,,,,,,3488.021145290799,3075.4261316993134,11306.06640625,649.732666015625,0.00025,0.0,0.00025,0.00025,275079.34,154445.84,557225.75,101488.61,1855.2105263157894,44076.18151932061,187612.0,-17604.0,-5.493562777297592,7.1532483026415425,10.0,-9.600000382858354
40,752.0,0.0,0.0,3572.0,3572.0,75.0,1786.0,0.0,-400.0,-400.0,0.0,111.9763708114624,,,,,,,,,2763.88956513276,1561.9600116728795,9160.216796875,742.2269287109375,0.00025000000000000006,5.421010862427522e-20,0.00025,0.00025,283036.47,209941.8,1022660.5,52745.004,-10227.413333333334,4481.077433217249,-4.0,-17604.0,1.6891127514051403,7.307814646159147,10.00000015828682,-9.200000000000003
41,827.0,0.0,0.0,3722.0,3722.0,75.0,1861.0,0.0,-400.0,-400.0,1.0,122.23635745048523,,,,,,,,,334.8226313719878,279.86227303421987,1644.829345703125,53.52493667602539,0.00025000000000000006,5.421010862427522e-20,0.00025,0.00025,34097.098,29507.121,139999.36,2153.7563,-10227.413333333334,4481.192642123548,-4.0,-17604.0,3.2076692437087053,5.905491272458983,9.999992234853174,-9.199849248214644
42,903.0,0.0,0.0,3872.0,3872.0,35.0,1936.0,0.0,,,0.0,132.69796895980835,,,,,,,,,,,,,,,,,,,,,,,,,5.007866398144737,5.870602156144289,9.995908046093943,-9.178758772585189
43,960.0,0.0,0.0,3988.0,3988.0,58.0,1994.0,0.0,-191.0,-191.0,0.0,140.172110080719,-59.0,-59.0,0.0,,,,,,207.4957763270328,154.61605228060407,736.859130859375,47.87791442871094,0.00025,0.0,0.00025,0.00025,20980.93,17344.799,83351.95,2125.9124,-6253.568965517241,26067.01617456904,187612.0,-17604.0,7.604117636948025,4.034192841394824,9.999972588598995,-7.7020178541571
44,981.0,0.0,0.0,4030.0,4030.0,21.0,2015.0,0.0,10.0,10.0,1.0,143.14622831344604,,,,,,,,,335.5339282989502,318.6685230540783,1233.3917236328125,71.34827423095703,0.00025000000000000006,5.421010862427522e-20,0.00025,0.00025,39407.023,34788.805,117199.85,4375.6978,1689.2380952380952,41811.73088284556,187612.0,-17604.0,5.531666553708897,6.497179485872713,9.999850703253315,-8.783427534698651
45,1056.0,0.0,0.0,4180.0,4180.0,75.0,2090.0,0.0,-350.0,-350.0,0.0,152.99466609954834,,,,,,,,,362.4209576168576,258.8282652395756,1756.7542724609375,68.58058166503906,0.00025000000000000006,5.421010862427522e-20,0.00025,0.00025,38338.953,34522.098,173171.86,2185.7786,-9035.813333333334,3591.6468263396328,-4.0,-17604.0,2.899714474491871,6.635165606174593,10.00000001374821,-9.199999801055913
46,1070.0,0.0,0.0,4208.0,4208.0,14.0,2104.0,0.0,47.0,47.0,1.0,154.69985127449036,,,,,,,,,243.43954115647537,49.80169352841173,340.7535705566406,170.00454711914062,0.0002500000000000001,1.0842021724855044e-19,0.00025,0.00025,2855.193,1606.716,7452.901,1137.6234,7769.357142857143,51081.642461018295,191484.0,-7924.0,2.8044981623671013,1.6680912083378958,6.874332496484554,-1.5053351611993948
47,1110.0,0.0,0.0,4288.0,4288.0,40.0,2144.0,0.0,-114.0,-114.0,0.0,159.40047240257263,,,,,,,,,226.24830666566507,44.5879143840901,296.5716552734375,123.04399108886719,0.00025000000000000006,5.421010862427522e-20,0.00025,0.00025,2221.3762,1059.2039,5905.048,936.4153,-5012.25,31243.25376521306,187612.0,-17604.0,2.9041111849551404,1.9892120422367319,8.926202065440764,-1.6499169518587458
48,1119.0,0.0,0.0,4306.0,4306.0,9.0,2153.0,0.0,57.0,57.0,0.0,160.5068380832672,,,,,,,,,126.79310417175293,60.18795074076807,256.3423767089844,78.43864440917969,0.00025,0.0,0.00025,0.00025,5127.279,4922.0474,17450.648,1288.7722,15362.333333333334,62531.892785468546,191484.0,-17604.0,6.574791396616456,3.7002318975454864,9.898532879791576,-4.95289036109252
49,1194.0,0.0,0.0,4456.0,4456.0,75.0,2228.0,0.0,-360.0,-360.0,1.0,170.28227066993713,,,,,,,,,518.1290465689995,477.1211178384032,1971.964111328125,38.296875,0.00025000000000000006,5.421010862427522e-20,0.00025,0.00025,64106.992,65939.414,275417.1,2880.95,-9299.946666666667,3839.6417259716072,-4.0,-17604.0,2.5374496333593606,7.752079966130927,10.000000018867478,-9.200000252195062
50,1227.0,0.0,0.0,4522.0,4522.0,33.0,2261.0,0.0,-44.0,-44.0,0.0,176.42594957351685,,,,,,,,,3222.091318130493,3024.369434061427,14835.693359375,552.1401977539062,0.00025,0.0,0.00025,0.00025,344804.38,231144.58,977228.8,55733.766,-2166.6666666666665,34450.67812559183,191484.0,-17604.0,-1.4864472843912024,7.478455664856891,10.000000001318242,-8.819638095795987
51,1263.0,0.0,0.0,4594.0,4594.0,36.0,2297.0,0.0,-66.0,-66.0,0.0,180.68701028823853,,,,,,,,,4826.601977539062,3585.3371071832635,17805.087890625,674.50244140625,0.00025,0.0,0.00025,0.00025,526517.06,317234.47,1312972.2,83836.06,-3196.722222222222,33184.19792412171,191484.0,-17604.0,1.6239175272145434,7.889477061162097,10.000000351546824,-9.598561685009402
52,1288.0,0.0,0.0,4642.0,4642.0,15.0,2321.0,0.0,,,0.0,183.79736375808716,,,,,,,,,,,,,,,,,,,,,,,,,3.0364065210986513,7.135155469543851,10.000000000772571,-9.599923930740188
53,1362.0,0.0,0.0,4792.0,4792.0,75.0,2396.0,0.0,-410.0,-410.0,1.0,192.57597064971924,28.0,28.0,0.0,,,,,,663.9085669646392,737.1443895652245,3562.15625,87.3926010131836,0.00025000000000000006,5.421010862427522e-20,0.00025,0.00025,72704.13,73263.95,335207.12,6244.165,-10491.546666666667,4609.559537290112,-9.0,-17604.0,5.647478149809239,5.297238589000306,10.000000092367038,-9.591772249513918
54,1364.0,0.0,0.0,4796.0,4796.0,2.0,2398.0,0.0,95.0,95.0,0.0,192.8366358280182,,,,,,,,,449.36138916015625,0.0,449.36138916015625,449.36138916015625,0.00025,0.0,0.00025,0.00025,32460.418,0.0,32460.418,32460.418,2225.5,2126.5,4352.0,99.0,-1.6572220492016512,2.238569855459465,9.813122378792253,-3.466852290292004
55,1386.0,0.0,0.0,4840.0,4840.0,22.0,2420.0,0.0,-12.0,-12.0,0.0,195.46625351905823,,,,,,,,,315.0648280552455,238.49418045375688,1036.401611328125,81.67435455322266,0.00025000000000000006,5.421010862427522e-20,0.00025,0.00025,37562.625,25804.854,99697.44,10515.376,71.45454545454545,41239.79893228393,187612.0,-17604.0,6.720997638850053,3.821009464599283,9.994925596914348,-8.585726659573703
56,1461.0,0.0,0.0,4990.0,4990.0,75.0,2495.0,0.0,-370.0,-370.0,1.0,204.3728609085083,,,,,,,,,1236.6468447092418,1099.789923545843,6771.47900390625,79.44429016113281,0.00025000000000000006,5.421010862427522e-20,0.00025,0.00025,172655.94,128948.14,755606.7,18742.521,-9564.08,4055.268779452233,-4.0,-17604.0,-1.399776440123112,7.39551355342443,10.000000017961373,-9.221433032928926
57,1536.0,0.0,0.0,5140.0,5140.0,75.0,2570.0,0.0,-340.0,-340.0,1.0,213.26257705688477,,,,,,,,,13718.122905009503,12906.905600336866,56311.625,844.1307373046875,0.00025000000000000006,5.421010862427522e-20,0.00025,0.00025,1545150.2,1142867.9,4955165.0,221664.64,-8642.613333333333,3134.2903328327593,-9.0,-17604.0,-4.959856961242081,5.516788882789716,10.0,-9.600000381478777
58,1611.0,0.0,0.0,5290.0,5290.0,75.0,2645.0,0.0,-340.0,-340.0,0.0,222.16616892814636,,,,,,,,,6917.7947932062925,4437.79467055513,23665.3203125,1225.276123046875,0.00025000000000000006,5.421010862427522e-20,0.00025,0.00025,988285.0,573953.6,2816164.8,176936.06,-8642.613333333333,3141.6975279545222,-4.0,-17604.0,-5.2612462680545775,6.577097050682249,10.0,-9.600000556046355
59,1686.0,0.0,0.0,5440.0,5440.0,75.0,2720.0,0.0,-350.0,-350.0,1.0,231.09852170944214,,,,,,,,,3554.1267559979415,2723.8634666605717,16184.8828125,628.8887939453125,0.00025000000000000006,5.421010862427522e-20,0.00025,0.00025,496041.4,296839.12,1578009.6,115577.72,-9035.813333333334,3591.6468263396328,-4.0,-17604.0,-4.610365142390299,7.071813417050237,10.0,-9.600000400438816
60,1761.0,0.0,0.0,5590.0,5590.0,75.0,2795.0,0.0,-365.0,-365.0,0.0,239.95198488235474,,,,,,,,,3036.9012781091637,2933.2477408230184,21041.833984375,832.1175537109375,0.00025000000000000006,5.421010862427522e-20,0.00025,0.00025,401235.7,252901.28,1062085.8,96928.234,-9432.013333333334,3951.200399856001,-4.0,-17604.0,-7.328366850314472,3.5131033634165534,10.0,-9.600000465675265
61,1836.0,0.0,0.0,5740.0,5740.0,75.0,2870.0,0.0,-345.0,-345.0,0.0,248.84956526756287,,,,,,,,,2027.1362230455554,1532.117579622316,8486.3203125,449.18463134765625,0.00025000000000000006,5.421010862427522e-20,0.00025,0.00025,382045.3,225092.2,1081611.1,79645.67,-8774.68,3303.486494236052,-4.0,-17604.0,-5.234419232832542,4.1567523213592,10.0,-9.2000005125756
62,1869.0,0.0,0.0,5804.0,5804.0,75.0,2902.0,0.0,,,0.0,253.4235019683838,,,,,,,,,,,,,,,,,,,,,,,,,5.115716305757435,6.4376517722574,10.0,-8.800000209702175
63,1877.0,0.0,0.0,5822.0,5822.0,9.0,2911.0,0.0,67.0,67.0,1.0,254.44580125808716,-315.0,-315.0,0.0,,,,,,2331.2185821533203,1875.339803759686,6560.8076171875,628.5784912109375,0.00025,0.0,0.00025,0.00025,471959.56,259701.38,997042.9,113051.18,16487.88888888889,62017.1627650935,191484.0,-7924.0,1.6976973685553796,7.556007078444487,10.0,-9.199999809262177
64,1952.0,0.0,0.0,5972.0,5972.0,75.0,2986.0,0.0,-335.0,-335.0,1.0,263.1958363056183,,,,,,,,,1696.8236667529957,1085.8827241005995,5575.7607421875,234.79518127441406,0.00025000000000000006,5.421010862427522e-20,0.00025,0.00025,347997.4,242763.03,1088813.6,61341.355,-8639.613333333333,3142.2794863743247,-4.0,-17604.0,-3.187985661847044,8.211048621198469,10.0,-9.200000522745881
65,2027.0,0.0,0.0,6122.0,6122.0,75.0,3061.0,0.0,-340.0,-340.0,0.0,271.9806773662567,,,,,,,,,3734.2498321533203,2553.0474855906405,13432.53125,86.16024780273438,0.00025000000000000006,5.421010862427522e-20,0.00025,0.00025,487830.8,392635.44,1890916.2,117979.09,-8771.68,3304.1598676415965,-4.0,-17604.0,-6.26190698448055,4.102923298943063,10.0,-9.20000044240751
66,2102.0,0.0,0.0,6272.0,6272.0,75.0,3136.0,0.0,-360.0,-360.0,0.0,280.7545735836029,,,,,,,,,2067.379624650285,3095.6276711858877,26463.4765625,265.62127685546875,0.00025000000000000006,5.421010862427522e-20,0.00025,0.00025,335475.72,212835.27,888317.8,51958.53,-9299.946666666667,3839.6417259716072,-4.0,-17604.0,-1.5840749861641639,7.748705488717079,10.0,-9.600000347702085
67,2104.0,0.0,0.0,6276.0,6276.0,2.0,3138.0,0.0,95.0,95.0,0.0,281.0172526836395,,,,,,,,,4978.4951171875,0.0,4978.4951171875,4978.4951171875,0.00025,0.0,0.00025,0.00025,315564.78,0.0,315564.78,315564.78,2225.5,2126.5,4352.0,99.0,-6.438839944299652,3.1547268332623855,9.99999601835957,-8.800000190734883
68,2179.0,0.0,0.0,6426.0,6426.0,75.0,3213.0,0.0,-370.0,-370.0,1.0,289.7899672985077,,,,,,,,,1503.4244149697793,1157.6832700145796,6878.9462890625,385.017578125,0.00025000000000000006,5.421010862427522e-20,0.00025,0.00025,268070.5,196197.9,963600.9,60512.598,-9564.08,4055.3960850863054,-4.0,-17604.0,-7.369272741074271,4.277520224473261,9.999999999998016,-9.600000524377707
69,2254.0,0.0,0.0,6576.0,6576.0,75.0,3288.0,0.0,-320.0,-320.0,1.0,298.6110415458679,,,,,,,,,1573.5596956820102,1844.478473886288,10697.35546875,279.94476318359375,0.00025000000000000006,5.421010862427522e-20,0.00025,0.00025,272082.6,211042.19,855814.5,49041.16,-8114.346666666666,2313.0915733037655,-4.0,-17604.0,1.419945956386729,7.171194873397774,10.0,-9.200000067921167
70,2329.0,0.0,0.0,6726.0,6726.0,75.0,3363.0,0.0,-350.0,-350.0,0.0,307.4430661201477,,,,,,,,,995.1703810820709,819.5861909291751,5833.55908203125,221.34481811523438,0.00025000000000000006,5.421010862427522e-20,0.00025,0.00025,204050.39,127147.555,558328.3,44186.4,-9035.813333333334,3585.1693765412106,-9.0,-17604.0,-3.508068440458842,7.109815963430639,9.999999999999996,-9.200000481276701
71,2331.0,0.0,0.0,6730.0,6730.0,2.0,3365.0,0.0,95.0,95.0,1.0,307.70492458343506,,,,,,,,,3909.19091796875,0.0,3909.19091796875,3909.19091796875,0.00025,0.0,0.00025,0.00025,249814.86,0.0,249814.86,249814.86,2225.5,2126.5,4352.0,99.0,-6.974756290779299,2.635170338968956,8.747000759358068,-9.196878540149262
72,2407.0,0.0,0.0,6880.0,6880.0,75.0,3440.0,0.0,,,0.0,317.19710993766785,,,,,,,,,,,,,,,,,,,,,,,,,-6.626554500414171,2.75715525270586,-3.3903167126571724e-13,-9.200000224917774
73,2481.0,0.0,0.0,7030.0,7030.0,75.0,3515.0,0.0,-320.0,-320.0,1.0,325.8954038619995,-335.0,-335.0,0.0,,,,,,1333.9338902653874,1150.1801555707893,9894.75390625,380.9676818847656,0.00025000000000000006,5.421010862427522e-20,0.00025,0.00025,255755.38,166448.31,767979.2,40346.03,-8243.413333333334,2556.1621497515025,-4.0,-17604.0,-3.7367181254555297,6.907348734283481,10.0,-9.200000477772894
74,2556.0,0.0,0.0,7180.0,7180.0,75.0,3590.0,0.0,-305.0,-305.0,0.0,334.70411133766174,,,,,,,,,1195.6358240488414,565.1139909709557,3623.182861328125,144.164306640625,0.00025000000000000006,5.421010862427522e-20,0.00025,0.00025,216613.97,132430.31,781486.2,63851.438,-7847.213333333333,1697.074135432968,-4.0,-17604.0,-4.141645649578822,7.310780552579403,10.0,-9.2000004850077
75,2569.0,0.0,0.0,7206.0,7206.0,13.0,3603.0,0.0,41.0,41.0,0.0,336.25417017936707,,,,,,,,,612.8046824137369,453.91065476372535,1526.877685546875,78.884765625,0.00025000000000000006,5.421010862427522e-20,0.00025,0.00025,182726.05,124282.52,457435.28,75046.6,7452.692307692308,53415.905263658075,191484.0,-17604.0,-5.725915571352236,5.891813290365419,9.999999999997256,-9.09596529606196
76,2644.0,0.0,0.0,7356.0,7356.0,75.0,3678.0,0.0,-350.0,-350.0,0.0,345.05825209617615,,,,,,,,,2035.343608959301,853.4690511826848,4402.111328125,664.2349853515625,0.00025000000000000006,5.421010862427522e-20,0.00025,0.00025,385389.3,273810.72,1469493.1,134090.48,-9035.813333333334,3591.6468263396328,-4.0,-17604.0,-6.696756902968621,4.85261293240155,10.0,-9.200000498551693
77,2663.0,0.0,0.0,7394.0,7394.0,19.0,3697.0,0.0,27.0,27.0,1.0,347.2920961380005,,,,,,,,,2336.4438035753037,1151.0533923251246,5487.40234375,308.27020263671875,0.00025,0.0,0.00025,0.00025,548491.75,292434.75,1149828.6,200940.06,3639.5263157894738,44389.44367914566,191484.0,-7924.0,-6.784490556456571,4.203030007200106,10.0,-9.200000517732141
78,2738.0,0.0,0.0,7544.0,7544.0,75.0,3772.0,0.0,-340.0,-340.0,0.0,356.07428908348083,,,,,,,,,3393.3167906065246,1487.8569079894987,7008.73876953125,1066.226806640625,0.00025000000000000006,5.421010862427522e-20,0.00025,0.00025,640053.1,384827.34,1759667.4,189313.08,-8642.613333333333,3134.2903328327593,-9.0,-17604.0,-3.8488825600915018,7.501943178270894,10.0,-9.200000449484122
79,2764.0,0.0,0.0,7596.0,7596.0,26.0,3798.0,0.0,-6.0,-6.0,1.0,359.1875057220459,,,,,,,,,3309.782110595703,2177.6549106151656,8634.908203125,459.5794982910156,0.00025,0.0,0.00025,0.00025,670299.56,445605.5,1625093.0,260960.38,145.30769230769232,38420.45383823693,191484.0,-17604.0,-6.255155541689111,6.728258938116004,10.0,-9.200000154316168
80,2821.0,0.0,0.0,7710.0,7710.0,57.0,3855.0,0.0,-165.0,-165.0,0.0,365.9457664489746,,,,,,,,,3129.8821138654434,2637.082507526876,15965.9228515625,666.7156372070312,0.00025,0.0,0.00025,0.00025,488034.5,403980.75,1740442.1,119966.0,-5459.666666666667,26616.993733613206,191484.0,-17604.0,-3.000774793076837,8.38310342603462,10.0,-9.20000042312842
