Episode #,Training Iter,Epoch,In Heatup,ER #Transitions,ER #Episodes,Episode Length,Total steps,Epsilon,Shaped Training Reward,Training Reward,Update Target Network,Wall-Clock Time,Evaluation Reward,Shaped Evaluation Reward,Success Rate,Inverse Propensity Score,Direct Method Reward,Doubly Robust,Weighted Importance Sampling,Sequential Doubly Robust,Loss/Mean,Loss/Stdev,Loss/Max,Loss/Min,Learning Rate/Mean,Learning Rate/Stdev,Learning Rate/Max,Learning Rate/Min,Grads (unclipped)/Mean,Grads (unclipped)/Stdev,Grads (unclipped)/Max,Grads (unclipped)/Min,Discounted Return/Mean,Discounted Return/Stdev,Discounted Return/Max,Discounted Return/Min,Q/Mean,Q/Stdev,Q/Max,Q/Min
1,0.0,0.0,1.0,32.0,32.0,16.0,16.0,0.0,,,0.0,0.012417078018188477,,,,,,,,,,,,,,,,,,,,,7110.5625,75813.65057492018,299251.0,-27449.0,,,,
2,0.0,0.0,1.0,142.0,142.0,55.0,71.0,0.0,,,0.0,0.25020742416381836,,,,,,,,,,,,,,,,,,,,,-8355.945454545454,42322.07945158314,299251.0,-27449.0,,,,
3,0.0,0.0,1.0,182.0,182.0,20.0,91.0,0.0,,,0.0,0.35684895515441895,,,,,,,,,,,,,,,,,,,,,2285.35,67856.09405593209,296226.0,-27449.0,,,,
4,0.0,0.0,1.0,256.0,256.0,37.0,128.0,0.0,,,0.0,0.504479169845581,,,,,,,,,,,,,,,,,,,,,-5918.351351351352,50389.83953634079,293201.0,-27449.0,,,,
5,0.0,0.0,1.0,336.0,336.0,40.0,168.0,0.0,,,0.0,0.657146692276001,,,,,,,,,,,,,,,,,,,,,-5327.425,49118.80115082589,299251.0,-27449.0,,,,
6,0.0,0.0,1.0,418.0,418.0,41.0,209.0,0.0,,,0.0,0.8128330707550049,,,,,,,,,,,,,,,,,,,,,-5498.073170731707,48528.09675691294,299251.0,-27449.0,,,,
7,0.0,0.0,1.0,424.0,424.0,3.0,212.0,0.0,,,0.0,0.8424298763275146,,,,,,,,,,,,,,,,,,,,,101597.0,139779.49784809884,299251.0,99.0,,,,
8,0.0,0.0,1.0,474.0,474.0,25.0,237.0,0.0,,,0.0,0.9506058692932129,,,,,,,,,,,,,,,,,,,,,114.12,61364.132390392355,299251.0,-27449.0,,,,
9,0.0,0.0,1.0,480.0,480.0,3.0,240.0,0.0,,,0.0,0.9799070358276367,,,,,,,,,,,,,,,,,,,,,101597.0,139779.49784809884,299251.0,99.0,,,,
10,0.0,0.0,1.0,630.0,630.0,75.0,315.0,0.0,,,0.0,1.2449650764465332,,,,,,,,,,,,,,,,,,,,,-13850.733333333334,5395.085324832427,-4.0,-27449.0,,,,
11,0.0,0.0,1.0,780.0,780.0,75.0,390.0,0.0,,,0.0,1.5027580261230469,,,,,,,,,,,,,,,,,,,,,-15079.4,6492.451348040018,-4.0,-27449.0,,,,
12,0.0,0.0,1.0,906.0,906.0,63.0,453.0,0.0,,,0.0,1.723736047744751,,,,,,,,,,,,,,,,,,,,,-9931.285714285714,39076.018920970164,293201.0,-27449.0,,,,
13,0.0,0.0,1.0,964.0,964.0,29.0,482.0,0.0,,,0.0,1.8481590747833252,,,,,,,,,,,,,,,,,,,,,-3195.103448275862,57618.34817279746,299251.0,-27449.0,,,,
14,0.0,0.0,1.0,1114.0,1114.0,75.0,557.0,0.0,,,0.0,2.1122422218322754,,,,,,,,,,,,,,,,,,,,,-14463.2,6001.193716808903,-4.0,-27449.0,,,,
15,0.0,0.0,1.0,1264.0,1264.0,75.0,632.0,0.0,,,0.0,2.3684871196746826,,,,,,,,,,,,,,,,,,,,,-14877.733333333334,6331.035886452987,-9.0,-27449.0,,,,
16,0.0,0.0,1.0,1414.0,1414.0,75.0,707.0,0.0,,,0.0,2.625849962234497,,,,,,,,,,,,,,,,,,,,,-14257.8,5813.751218160842,-4.0,-27449.0,,,,
17,0.0,0.0,1.0,1510.0,1510.0,48.0,755.0,0.0,,,0.0,2.798706531524658,,,,,,,,,,,,,,,,,,,,,-8413.3125,45438.42735099346,299251.0,-27449.0,,,,
18,0.0,0.0,1.0,1646.0,1646.0,68.0,823.0,0.0,,,0.0,3.0321621894836426,,,,,,,,,,,,,,,,,,,,,-9110.426470588236,38093.80782833662,299251.0,-27449.0,,,,
19,0.0,0.0,1.0,1720.0,1720.0,37.0,860.0,0.0,,,0.0,3.1760976314544678,,,,,,,,,,,,,,,,,,,,,-4336.216216216216,50903.89914505043,299251.0,-27449.0,,,,
20,0.0,0.0,1.0,1870.0,1870.0,75.0,935.0,0.0,,,0.0,3.4399502277374268,,,,,,,,,,,,,,,,,,,,,-14052.4,5612.548628445607,-4.0,-27449.0,,,,
21,0.0,0.0,1.0,1950.0,1950.0,40.0,975.0,0.0,,,0.0,3.5904812812805176,,,,,,,,,,,,,,,,,,,,,-6020.65,48385.992616949596,293201.0,-27449.0,,,,
22,0.0,0.0,1.0,1986.0,1986.0,18.0,993.0,0.0,,,0.0,3.67220401763916,,,,,,,,,,,,,,,,,,,,,4951.166666666667,71738.26827375099,299251.0,-27449.0,,,,
23,0.0,0.0,1.0,2136.0,2136.0,75.0,1068.0,0.0,,,1.0,3.9274251461029053,,,,,,,,,,,,,,,,,,,,,-14257.8,5813.751218160842,-4.0,-27449.0,,,,
24,2.0,0.0,0.0,2142.0,2142.0,3.0,1071.0,0.0,91.0,91.0,0.0,5.119370222091675,,,,,,,,,443.0321960449219,2.073638916015625,445.1058349609375,440.95855712890625,0.00025,0.0,0.00025,0.00025,26.58168,2.479,29.06068,24.10268,101597.0,139779.49784809884,299251.0,99.0,0.010643341472254993,0.010720531578941048,0.0320796720683581,-0.014561426904913022
25,77.0,0.0,0.0,2292.0,2292.0,75.0,1146.0,0.0,-305.0,-305.0,0.0,13.977397918701172,,,,,,,,,201.5056244102684,114.0543236026322,438.5061950683594,52.98597717285156,0.00025000000000000006,5.421010862427522e-20,0.00025,0.00025,635.2108,1290.4868,8545.997,37.745605,-12203.8,2648.1441853997803,-4.0,-27449.0,5.853898194186727,2.870722567612707,9.587930909112037,-3.816990567548132
26,152.0,0.0,0.0,2442.0,2442.0,75.0,1221.0,0.0,-335.0,-335.0,1.0,22.715222120285034,,,,,,,,,487.96423886273357,539.1224848098695,2171.325439453125,24.27556610107422,0.00025000000000000006,5.421010862427522e-20,0.00025,0.00025,43106.21,44581.496,163297.98,1694.971,-13436.2,4908.913202193197,-4.0,-27449.0,3.5160077660582423,6.683190116278712,10.000000001166798,-8.800000216408932
27,227.0,0.0,0.0,2592.0,2592.0,75.0,1296.0,0.0,-350.0,-350.0,0.0,31.512239933013916,,,,,,,,,810.8707304258604,557.8297315118772,3432.27734375,160.05596923828125,0.00025000000000000006,5.421010862427522e-20,0.00025,0.00025,73130.05,52497.406,279590.62,18609.568,-14052.4,5612.548628445607,-4.0,-27449.0,-1.4535998504179604,7.104673384651243,10.0,-9.200000069884059
28,250.0,0.0,0.0,2638.0,2638.0,23.0,1319.0,0.0,-9.0,-9.0,1.0,34.27299451828003,,,,,,,,,692.4493859030983,421.269803039082,1629.59423828125,154.494384765625,0.00025000000000000006,5.421010862427522e-20,0.00025,0.00025,63823.12,34523.86,131429.92,17435.814,-143.8695652173913,64286.07719933328,299251.0,-27449.0,0.7299248913352729,6.080305205899588,9.999960426860865,-9.19884386205517
29,325.0,0.0,0.0,2788.0,2788.0,75.0,1394.0,0.0,-395.0,-395.0,0.0,43.462669134140015,,,,,,,,,314.3600397883235,136.36277169933723,799.9910888671875,148.17684936523438,0.00025000000000000006,5.421010862427522e-20,0.00025,0.00025,17271.736,14510.833,57041.21,1356.6606,-15901.0,7004.549711913441,-9.0,-27449.0,-0.039942813159532714,4.603761782966846,9.999865248940322,-9.171052785799896
30,376.0,0.0,0.0,2890.0,2890.0,51.0,1445.0,0.0,-151.0,-151.0,0.0,49.67480826377869,,,,,,,,,243.81987396240234,187.82383782971445,1203.2625732421875,71.9442138671875,0.00025,0.0,0.00025,0.00025,17965.873,17795.736,107124.61,3670.6565,-8643.35294117647,44091.35218834869,299251.0,-27449.0,6.881636058745082,4.253156872111644,10.000000196577643,-8.751118964997216
31,451.0,0.0,0.0,3040.0,3040.0,75.0,1520.0,0.0,-320.0,-320.0,1.0,58.81212377548218,,,,,,,,,474.51905693878996,449.7418573071702,2874.464111328125,55.589927673339844,0.00025000000000000006,5.421010862427522e-20,0.00025,0.00025,37319.96,36267.625,222492.39,2847.62,-12618.333333333334,3611.6376094816355,-4.0,-27449.0,5.163886785801594,6.326953605605413,10.00000024660883,-9.20000048844171
32,526.0,0.0,0.0,3190.0,3190.0,75.0,1595.0,0.0,-300.0,-300.0,1.0,67.7788474559784,,,,,,,,,199.07487338298077,102.55844528918449,367.8692321777344,54.47372055053711,0.00025000000000000006,5.421010862427522e-20,0.00025,0.00025,1770.0222,1534.2328,8035.35,249.4994,-11998.4,1967.2018977895143,-4.0,-12324.0,5.442555400486003,3.027223781911237,9.8801125537983,-2.381156145146678
33,602.0,0.0,0.0,3340.0,3340.0,75.0,1670.0,0.0,,,0.0,77.32633376121521,,,,,,,,,,,,,,,,,,,,,,,,,7.011612689089803,2.1250689565378007,9.83311055193344,-1.3417281599466482
34,676.0,0.0,0.0,3490.0,3490.0,75.0,1745.0,0.0,-310.0,-310.0,1.0,86.03863644599915,-300.0,-300.0,0.0,,,,,,110.17536549954801,59.09391978964554,296.0283508300781,22.091102600097656,0.00025000000000000006,5.421010862427522e-20,0.00025,0.00025,3992.3994,3231.8877,17834.213,377.1115,-12409.2,3173.49549025466,-4.0,-27449.0,6.917505077709864,3.063417275042863,9.967852484505217,-3.1944165955369486
35,751.0,0.0,0.0,3640.0,3640.0,75.0,1820.0,0.0,-300.0,-300.0,0.0,95.08604073524475,,,,,,,,,141.26104514663285,67.87424819169183,266.2698974609375,22.681846618652344,0.00025000000000000006,5.421010862427522e-20,0.00025,0.00025,2362.853,2430.2773,15522.333,282.8988,-11998.4,1967.2018977895143,-4.0,-12324.0,6.251215898452982,3.245195547632148,9.997460379788079,-5.082778054937758
36,826.0,0.0,0.0,3790.0,3790.0,75.0,1895.0,0.0,-300.0,-300.0,0.0,104.06726479530334,,,,,,,,,102.87004313597808,39.92803911767271,199.47775268554688,29.38893699645996,0.00025000000000000006,5.421010862427522e-20,0.00025,0.00025,1691.0754,1490.2384,6754.2007,119.19722,-11998.4,1967.2018977895143,-4.0,-12324.0,7.1438106898524545,1.8321497807490923,9.887946761898611,0.21869197361756987
37,846.0,0.0,0.0,3830.0,3830.0,20.0,1915.0,0.0,23.0,23.0,1.0,106.44650745391846,,,,,,,,,42.829029183638724,14.085119993573446,72.13407135009766,22.43888282775879,0.00025000000000000006,5.421010862427522e-20,0.00025,0.00025,1760.3176,1435.0321,6818.5283,386.13373,4764.15,67715.88047516992,299251.0,-12324.0,9.602305863921147,0.6223825170144845,9.99291595731316,6.0445224001121005
38,921.0,0.0,0.0,3980.0,3980.0,75.0,1990.0,0.0,-305.0,-305.0,0.0,115.32845783233643,,,,,,,,,99.70934308541787,41.138340787829044,202.7383575439453,26.646541595458984,0.00025000000000000006,5.421010862427522e-20,0.00025,0.00025,2578.401,2261.2195,12640.768,282.15335,-12203.8,2648.1441853997803,-4.0,-27449.0,7.160732383380943,2.714367620770487,9.988290521442629,-3.651619706452908
39,996.0,0.0,0.0,4130.0,4130.0,75.0,2065.0,0.0,-300.0,-300.0,1.0,124.20519185066223,,,,,,,,,141.3119751698262,62.89105472363154,480.14739990234375,36.72784423828125,0.00025000000000000006,5.421010862427522e-20,0.00025,0.00025,6506.333,4889.334,22800.477,291.98914,-11998.4,1967.2018977895143,-4.0,-12324.0,0.8313684205209428,6.122563428817956,9.918474343713884,-9.197030923835186
40,1036.0,0.0,0.0,4210.0,4210.0,40.0,2105.0,0.0,-57.0,-57.0,0.0,128.99021315574646,,,,,,,,,99.50701126685509,46.41453761214665,240.08914184570312,20.327375411987305,0.00025000000000000006,5.421010862427522e-20,0.00025,0.00025,5314.7646,7558.075,43420.77,670.84753,-3779.925,48638.682669963164,299251.0,-12324.0,7.583465180905975,2.8220594146313527,9.999977984452142,-2.559385153528013
41,1111.0,0.0,0.0,4360.0,4360.0,75.0,2180.0,0.0,-315.0,-315.0,0.0,137.86087822914124,,,,,,,,,2033.8434175542884,2342.399690532769,14696.52734375,19.806598663330078,0.00025000000000000006,5.421010862427522e-20,0.00025,0.00025,196426.33,234921.45,1464973.2,3151.44,-12614.6,3611.8002860992565,-4.0,-27449.0,3.0964957338639842,7.663109923045312,10.000000000369695,-9.200000092665274
42,1147.0,0.0,0.0,4432.0,4432.0,36.0,2216.0,0.0,-41.0,-41.0,1.0,142.14085507392883,,,,,,,,,4649.971121651785,4101.489859376529,20943.3046875,842.7935791015625,0.00025,0.0,0.00025,0.00025,420223.06,260695.88,996945.56,79854.87,-2830.5833333333335,51181.70468991119,299251.0,-12324.0,-0.14495002642967122,8.947867538135208,10.000000000005198,-9.200000010420577
43,1223.0,0.0,0.0,4582.0,4582.0,75.0,2291.0,0.0,,,0.0,152.233295917511,,,,,,,,,,,,,,,,,,,,,,,,,7.2224718665815315,5.829982358342539,10.00000013629137,-9.199788964982632
44,1297.0,0.0,0.0,4732.0,4732.0,75.0,2366.0,0.0,-320.0,-320.0,1.0,161.06321740150452,-325.0,-325.0,0.0,,,,,,386.4410130784318,437.2266354745844,2618.555908203125,36.81611251831055,0.00025000000000000006,5.421010862427522e-20,0.00025,0.00025,44430.574,39534.48,163487.73,2591.2551,-12820.0,3991.8355009527468,-4.0,-27449.0,5.669931741914204,6.20249017695912,10.000000052842795,-9.164092132711158
45,1372.0,0.0,0.0,4882.0,4882.0,75.0,2441.0,0.0,-310.0,-310.0,0.0,169.8132872581482,,,,,,,,,150.5704369416108,81.01110613485534,599.7664794921875,55.542755126953125,0.00025000000000000006,5.421010862427522e-20,0.00025,0.00025,7418.9736,8493.945,61599.63,738.70624,-12409.2,3173.49549025466,-4.0,-27449.0,5.243749229959805,3.812787388769519,9.998147611842855,-8.306752288497904
46,1447.0,0.0,0.0,5032.0,5032.0,75.0,2516.0,0.0,-320.0,-320.0,1.0,178.5517237186432,,,,,,,,,98.98244594883275,57.03706839529638,294.29107666015625,24.302501678466797,0.00025000000000000006,5.421010862427522e-20,0.00025,0.00025,4492.232,6805.49,42674.508,321.51978,-12820.0,3980.49929866426,-9.0,-27449.0,7.510771330990141,2.6703750200684344,9.999906983738342,-3.9161345369398903
47,1522.0,0.0,0.0,5182.0,5182.0,75.0,2591.0,0.0,-385.0,-385.0,0.0,187.4317169189453,,,,,,,,,353.54355812072754,270.6528835995528,1407.2701416015625,45.95985794067383,0.00025000000000000006,5.421010862427522e-20,0.00025,0.00025,42748.793,37070.04,200807.33,4126.5317,-15288.533333333333,6633.846655515101,-4.0,-27449.0,7.390382382916493,4.764378942012535,9.999999999999998,-9.199999802243694
48,1597.0,0.0,0.0,5332.0,5332.0,75.0,2666.0,0.0,-375.0,-375.0,1.0,196.2612328529358,,,,,,,,,152.84176491402292,63.19841728934839,309.6710205078125,48.971153259277344,0.00025000000000000006,5.421010862427522e-20,0.00025,0.00025,4180.0186,5969.5576,27622.617,161.20404,-14877.733333333334,6338.169404138356,-4.0,-27449.0,4.399318856922516,3.5458477799223105,9.721553988242162,-8.59648442861694
49,1634.0,0.0,0.0,5406.0,5406.0,37.0,2703.0,0.0,-55.0,-55.0,0.0,200.67509484291077,,,,,,,,,78.58983622656928,34.19660473172313,166.09634399414062,20.944313049316406,0.00025,0.0,0.00025,0.00025,2192.5322,1689.7174,7143.3906,464.27194,-3919.864864864865,50775.95150513684,299251.0,-27449.0,8.153702240754598,1.7648535951829225,9.996078228191083,1.7412694071953791
50,1636.0,0.0,0.0,5410.0,5410.0,2.0,2705.0,0.0,95.0,95.0,0.0,200.9367299079895,,,,,,,,,254.37159729003906,0.0,254.37159729003906,254.37159729003906,0.00025,0.0,0.00025,0.00025,19478.389,0.0,19478.389,19478.389,2770.0,2671.0,5441.0,99.0,6.070924411749355,3.7227487055091646,9.942021120100785,0.2217562411450995
51,1711.0,0.0,0.0,5560.0,5560.0,75.0,2780.0,0.0,-315.0,-315.0,0.0,209.83759212493896,,,,,,,,,341.10622725615633,271.13370314535973,1212.001953125,50.036842346191406,0.00025000000000000006,5.421010862427522e-20,0.00025,0.00025,47227.305,43432.723,217866.47,1463.3989,-12614.6,3611.8002860992565,-4.0,-27449.0,3.291875278268185,7.292893858983714,9.999999999998643,-9.199986104092078
52,1786.0,0.0,0.0,5710.0,5710.0,75.0,2855.0,0.0,-320.0,-320.0,1.0,218.78934383392334,,,,,,,,,12404.311516426706,15013.010885578778,69115.9609375,134.63555908203125,0.00025000000000000006,5.421010862427522e-20,0.00025,0.00025,1768619.1,2117815.5,9550421.0,35652.316,-12820.0,3991.8355009527468,-4.0,-27449.0,-2.9966432619535097,6.002774369387854,10.0,-9.200000069025347
53,1862.0,0.0,0.0,5860.0,5860.0,75.0,2930.0,0.0,,,0.0,228.3219063282013,,,,,,,,,,,,,,,,,,,,,,,,,-6.411062509526308,3.081608619592449,-0.800000011920929,-9.199999809639609
54,1936.0,0.0,0.0,6010.0,6010.0,75.0,3005.0,0.0,-305.0,-305.0,1.0,236.91887784004211,-300.0,-300.0,0.0,,,,,,90478.68852934966,57667.729490473095,299006.1875,2811.9921875,0.00025000000000000006,5.421010862427522e-20,0.00025,0.00025,12226464.0,7264597.5,36681096.0,2934003.5,-12203.8,2648.1441853997803,-4.0,-27449.0,-4.876116742892292,5.0472796966705475,10.0,-9.20000000489432
55,2011.0,0.0,0.0,6160.0,6160.0,75.0,3080.0,0.0,-305.0,-305.0,0.0,245.63306879997253,,,,,,,,,69621.37115973396,46638.298050969875,275904.84375,14088.1982421875,0.00025000000000000006,5.421010862427522e-20,0.00025,0.00025,9451197.0,5522744.5,25160586.0,2679422.5,-12203.8,2648.1441853997803,-4.0,-27449.0,-1.2008966214000611,8.365437987970115,10.0,-9.200000029804325
56,2086.0,0.0,0.0,6310.0,6310.0,75.0,3155.0,0.0,-315.0,-315.0,1.0,254.32917165756226,,,,,,,,,53283.16426045186,41026.75773378808,219813.109375,4850.91455078125,0.00025000000000000006,5.421010862427522e-20,0.00025,0.00025,8834137.0,4369257.5,21473522.0,2041200.2,-12614.6,3611.8002860992565,-4.0,-27449.0,-5.572119605821518,4.406080086655061,10.0,-9.200000000000005
57,2103.0,0.0,0.0,6344.0,6344.0,17.0,3172.0,0.0,35.0,35.0,0.0,256.33702301979065,,,,,,,,,38208.000396728516,30836.251643329535,132035.59375,5660.044921875,0.00025,0.0,0.00025,0.00025,5424917.0,4371423.0,15793023.0,1643967.6,7779.705882352941,73034.32067730791,299251.0,-12324.0,-6.4872185836776675,4.311708466129626,10.0,-9.199999809265137
58,2141.0,0.0,0.0,6420.0,6420.0,38.0,3210.0,0.0,-54.0,-54.0,0.0,260.7591435909271,,,,,,,,,35254.09079391892,24765.791232110707,118311.46875,10242.75390625,0.00025000000000000006,5.421010862427522e-20,0.00025,0.00025,7147508.5,3247408.2,15776160.0,1974687.8,-3735.6315789473683,49993.38517108304,299251.0,-27449.0,-3.6450376581242314,7.704769759859247,10.0,-9.200000207437423
59,2150.0,0.0,0.0,6438.0,6438.0,9.0,3219.0,0.0,67.0,67.0,1.0,261.82116508483887,,,,,,,,,22695.6435546875,11003.604428244,43657.73828125,9572.720703125,0.00025,0.0,0.00025,0.00025,5188482.0,1733446.8,8907126.0,3039685.5,25649.666666666668,96936.92825635533,299251.0,-12324.0,-2.4601919805275942,7.382052897224958,10.0,-9.200000020668984
60,2225.0,0.0,0.0,6588.0,6588.0,75.0,3294.0,0.0,-305.0,-305.0,0.0,270.85660791397095,,,,,,,,,29494.445418074323,19319.64090287706,100964.953125,2689.23046875,0.00025000000000000006,5.421010862427522e-20,0.00025,0.00025,5742781.5,3208559.8,13520099.0,1385167.1,-12203.8,2648.1441853997803,-4.0,-27449.0,-3.8665589990929616,7.063676977416107,10.0,-9.200000069107654
61,2300.0,0.0,0.0,6738.0,6738.0,75.0,3369.0,0.0,-300.0,-300.0,1.0,279.88630390167236,,,,,,,,,21479.68419420397,13623.208342915179,85165.9296875,3944.52197265625,0.00025000000000000006,5.421010862427522e-20,0.00025,0.00025,4017935.5,2431059.0,11720530.0,455669.6,-11998.4,1967.2018977895143,-4.0,-12324.0,-3.9127286759183257,6.126371132240106,10.0,-9.200000063293007
62,2375.0,0.0,0.0,6888.0,6888.0,75.0,3444.0,0.0,-310.0,-310.0,1.0,288.71464228630066,,,,,,,,,18827.00760465055,9268.36337949465,47808.4375,2070.0126953125,0.00025000000000000006,5.421010862427522e-20,0.00025,0.00025,4135863.0,2376915.0,10118998.0,1135200.2,-12409.2,3173.49549025466,-4.0,-27449.0,-4.790414259224138,5.332390495794904,10.0,-9.200000236024476
63,2451.0,0.0,0.0,7038.0,7038.0,75.0,3519.0,0.0,,,0.0,298.3033444881439,,,,,,,,,,,,,,,,,,,,,,,,,-6.639303135938447,3.6388775358985983,10.0,-9.199999810600616
64,2525.0,0.0,0.0,7188.0,7188.0,75.0,3594.0,0.0,-305.0,-305.0,1.0,307.07765221595764,-315.0,-315.0,0.0,,,,,,23356.37891944679,17968.395235806973,106173.078125,2693.783203125,0.00025000000000000006,5.421010862427522e-20,0.00025,0.00025,4387592.5,3096039.0,14484330.0,919362.3,-12203.8,2648.1441853997803,-4.0,-27449.0,-7.671981786921673,2.8649489418234153,10.0,-9.200000110441806
65,2600.0,0.0,0.0,7338.0,7338.0,75.0,3669.0,0.0,-325.0,-325.0,0.0,317.19610810279846,,,,,,,,,19556.379166886614,14131.506917681116,93809.953125,1398.68701171875,0.00025000000000000006,5.421010862427522e-20,0.00025,0.00025,4624645.0,2650899.5,12834422.0,1232084.5,-13025.4,4328.974671520576,-4.0,-27449.0,-4.766164855180026,4.628201350520538,10.0,-9.20000026485165
66,2675.0,0.0,0.0,7488.0,7488.0,75.0,3744.0,0.0,-300.0,-300.0,1.0,327.45676445961,,,,,,,,,14911.550827438767,6701.086849541923,33684.38671875,2160.52001953125,0.00025000000000000006,5.421010862427522e-20,0.00025,0.00025,3673922.5,2555298.0,15637971.0,1381900.0,-11998.4,1967.2018977895143,-4.0,-12324.0,-7.321472363430304,3.012216378298009,-0.7999999999999989,-9.200000070746498
67,2750.0,0.0,0.0,7638.0,7638.0,75.0,3819.0,0.0,-300.0,-300.0,1.0,336.366553068161,,,,,,,,,20217.52521246833,11465.558182442486,63426.984375,5285.0458984375,0.00025000000000000006,5.421010862427522e-20,0.00025,0.00025,4586481.5,3108773.0,16711629.0,1568745.2,-11998.4,1967.2018977895143,-4.0,-12324.0,-7.719998400725601,3.022687777933448,10.0,-9.200000000000022
68,2825.0,0.0,0.0,7788.0,7788.0,75.0,3894.0,0.0,-320.0,-320.0,0.0,345.3023376464844,,,,,,,,,26811.72964395059,16585.978565481135,73476.421875,3168.59228515625,0.00025000000000000006,5.421010862427522e-20,0.00025,0.00025,5334805.0,3368354.0,17756312.0,1847786.2,-12820.0,3991.8355009527468,-4.0,-27449.0,-5.1238697290365876,6.357686977620295,10.0,-9.200000000092432
69,2900.0,0.0,0.0,7938.0,7938.0,75.0,3969.0,0.0,-300.0,-300.0,1.0,354.0499131679535,,,,,,,,,28477.877586570947,13971.53966132387,73831.109375,2905.44140625,0.00025000000000000006,5.421010862427522e-20,0.00025,0.00025,5686188.0,3983518.0,24382502.0,1772292.6,-11998.4,1967.2018977895143,-4.0,-12324.0,-6.86797896004412,2.9843197351859154,6.0,-9.2
70,2975.0,0.0,0.0,8088.0,8088.0,75.0,4044.0,0.0,-350.0,-350.0,0.0,362.8045048713684,,,,,,,,,34443.43340899493,30187.99002702166,189521.6875,3326.90380859375,0.00025000000000000006,5.421010862427522e-20,0.00025,0.00025,6694482.0,4323702.0,21455092.0,1556460.9,-14052.4,5612.548628445607,-4.0,-27449.0,-4.676121893150734,5.456435840635256,10.0,-9.200000376912595
