Episode #,Training Iter,Epoch,In Heatup,ER #Transitions,ER #Episodes,Episode Length,Total steps,Epsilon,Shaped Training Reward,Training Reward,Update Target Network,Wall-Clock Time,Evaluation Reward,Shaped Evaluation Reward,Success Rate,Inverse Propensity Score,Direct Method Reward,Doubly Robust,Weighted Importance Sampling,Sequential Doubly Robust,Loss/Mean,Loss/Stdev,Loss/Max,Loss/Min,Learning Rate/Mean,Learning Rate/Stdev,Learning Rate/Max,Learning Rate/Min,Grads (unclipped)/Mean,Grads (unclipped)/Stdev,Grads (unclipped)/Max,Grads (unclipped)/Min,Discounted Return/Mean,Discounted Return/Stdev,Discounted Return/Max,Discounted Return/Min,Q/Mean,Q/Stdev,Q/Max,Q/Min
1,0.0,0.0,1.0,28.0,28.0,14.0,14.0,0.0,,,0.0,0.02457427978515625,,,,,,,,,,,,,,,,,,,,,1803.857142857143,12838.857185775325,47824.0,-4448.0,,,,
2,0.0,0.0,1.0,102.0,102.0,37.0,51.0,0.0,,,0.0,0.3976867198944092,,,,,,,,,,,,,,,,,,,,,-715.1351351351351,8155.970600805153,47824.0,-4448.0,,,,
3,0.0,0.0,1.0,252.0,252.0,75.0,126.0,0.0,,,0.0,0.9792301654815674,,,,,,,,,,,,,,,,,,,,,-2314.733333333333,897.2242132760846,-4.0,-4448.0,,,,
4,0.0,0.0,1.0,402.0,402.0,75.0,201.0,0.0,,,0.0,1.566969394683838,,,,,,,,,,,,,,,,,,,,,-2380.8,958.6927488338829,-4.0,-4448.0,,,,
5,0.0,0.0,1.0,418.0,418.0,8.0,209.0,0.0,,,0.0,1.6696245670318604,,,,,,,,,,,,,,,,,,,,,4677.75,16407.066684435093,47824.0,-4448.0,,,,
6,0.0,0.0,1.0,568.0,568.0,75.0,284.0,0.0,,,0.0,2.268800973892212,,,,,,,,,,,,,,,,,,,,,-2414.6,985.9457050635868,-4.0,-4448.0,,,,
7,0.0,0.0,1.0,614.0,614.0,23.0,307.0,0.0,,,0.0,2.473621129989624,,,,,,,,,,,,,,,,,,,,,172.17391304347825,10128.717566156716,47340.0,-4448.0,,,,
8,0.0,0.0,1.0,764.0,764.0,75.0,382.0,0.0,,,0.0,3.060934543609619,,,,,,,,,,,,,,,,,,,,,-2348.5333333333333,928.8340409112682,-4.0,-4448.0,,,,
9,0.0,0.0,1.0,914.0,914.0,75.0,457.0,0.0,,,0.0,3.6724300384521484,,,,,,,,,,,,,,,,,,,,,-2416.133333333333,985.5560911936412,-4.0,-4448.0,,,,
10,0.0,0.0,1.0,1064.0,1064.0,75.0,532.0,0.0,,,0.0,4.255777359008789,,,,,,,,,,,,,,,,,,,,,-2313.2,897.6227418390571,-4.0,-4448.0,,,,
11,0.0,0.0,1.0,1214.0,1214.0,75.0,607.0,0.0,,,0.0,4.83319878578186,,,,,,,,,,,,,,,,,,,,,-2347.0,929.2747853389043,-4.0,-4448.0,,,,
12,0.0,0.0,1.0,1364.0,1364.0,75.0,682.0,0.0,,,0.0,5.446091413497925,,,,,,,,,,,,,,,,,,,,,-2414.6,985.9457050635868,-4.0,-4448.0,,,,
13,0.0,0.0,1.0,1438.0,1438.0,37.0,719.0,0.0,,,0.0,5.767821550369263,,,,,,,,,,,,,,,,,,,,,-879.5675675675676,8040.4273771732305,46856.0,-4448.0,,,,
14,0.0,0.0,1.0,1554.0,1554.0,58.0,777.0,0.0,,,0.0,6.238181829452515,,,,,,,,,,,,,,,,,,,,,-1496.4310344827586,6630.258855174741,47824.0,-4448.0,,,,
15,0.0,0.0,1.0,1562.0,1562.0,4.0,781.0,0.0,,,0.0,6.3180413246154785,,,,,,,,,,,,,,,,,,,,,12017.25,20726.351866343965,47824.0,-2028.0,,,,
16,0.0,0.0,1.0,1576.0,1576.0,7.0,788.0,0.0,,,0.0,6.422769546508789,,,,,,,,,,,,,,,,,,,,,5490.857142857143,16994.058124857063,46856.0,-4448.0,,,,
17,0.0,0.0,1.0,1726.0,1726.0,75.0,863.0,0.0,,,0.0,7.013107538223267,,,,,,,,,,,,,,,,,,,,,-2279.4,863.490976598289,-4.0,-4448.0,,,,
18,0.0,0.0,1.0,1812.0,1812.0,43.0,906.0,0.0,,,0.0,7.36861777305603,,,,,,,,,,,,,,,,,,,,,-1039.8139534883721,7469.0098788285095,46856.0,-4448.0,,,,
19,0.0,0.0,1.0,1962.0,1962.0,75.0,981.0,0.0,,,0.0,7.941894292831421,,,,,,,,,,,,,,,,,,,,,-2313.2,897.4789431141733,-4.0,-4448.0,,,,
20,0.0,0.0,1.0,2112.0,2112.0,75.0,1056.0,0.0,,,0.0,8.556557416915894,,,,,,,,,,,,,,,,,,,,,-2449.9333333333334,1011.0329151692123,-4.0,-4448.0,,,,
21,74.0,0.0,0.0,2262.0,2262.0,75.0,1131.0,0.0,-385.0,-385.0,1.0,26.17677927017212,,,,,,,,,234.08742255133552,112.74119846638219,441.75933837890625,81.60450744628906,0.00025000000000000006,5.421010862427522e-20,0.00025,0.00025,302.07,283.40277,1509.1262,24.605015,-2517.5333333333333,1056.9136241381739,-4.0,-4448.0,5.281883042344268,2.826856879467679,9.343880438094493,-0.02103919386899311
22,149.0,0.0,0.0,2412.0,2412.0,75.0,1206.0,0.0,-380.0,-380.0,1.0,35.21334099769592,,,,,,,,,291.09903679942533,272.75425708655393,1698.55322265625,3.064702013944043e-06,0.00025000000000000006,5.421010862427522e-20,0.00025,0.00025,20947.848,25237.055,149426.81,9.0190275e-05,-2483.733333333333,1034.779890712137,-4.0,-4448.0,6.669804412474558,5.639951993487015,10.000000115713796,-5.999999982688123
23,210.0,0.0,0.0,2534.0,2534.0,61.0,1267.0,0.0,-156.0,-156.0,0.0,42.620081186294556,,,,,,,,,167.93761997222902,56.843746113823045,265.69866943359375,52.83491897583008,0.00025,0.0,0.00025,0.00025,2743.8486,2418.5808,9231.239,326.1296,-1231.672131147541,6384.312214317143,47824.0,-4448.0,6.195790867300231,2.7243747035049597,10.000000326468648,-2.2720127102926178
24,277.0,0.0,0.0,2668.0,2668.0,67.0,1334.0,0.0,-170.0,-170.0,1.0,50.61803197860718,,,,,,,,,94.02684237740256,79.4267774060471,513.3189697265625,21.22549819946289,0.00025,0.0,0.00025,0.00025,6559.8306,7007.2935,37751.098,240.8102,-1227.313432835821,6072.1012744217705,47824.0,-4448.0,6.506358918910279,4.408906817365369,9.999084620594715,-3.9984866098247167
25,352.0,0.0,0.0,2818.0,2818.0,75.0,1409.0,0.0,-335.0,-335.0,0.0,59.72442960739136,,,,,,,,,168.84565817881565,183.91761170658538,1046.0120849609375,0.0011768413241952658,0.00025000000000000006,5.421010862427522e-20,0.00025,0.00025,9928.011,15940.141,98037.09,3.478614,-2179.5333333333333,742.4802638604089,-4.0,-4448.0,7.859088729578623,3.498515797510807,10.000000103851715,-3.9935493649276093
26,427.0,0.0,0.0,2968.0,2968.0,75.0,1484.0,0.0,-315.0,-315.0,1.0,68.7993233203888,,,,,,,,,120.4848964794262,49.641407847195026,236.67453002929688,43.19525146484375,0.00025000000000000006,5.421010862427522e-20,0.00025,0.00025,1912.3602,1576.6185,7934.8184,184.92813,-2044.3333333333333,510.86643612157144,-4.0,-4448.0,5.710190345324838,2.9077035296491407,9.898215922492852,-2.4868470170185906
27,502.0,0.0,0.0,3118.0,3118.0,75.0,1559.0,0.0,-305.0,-305.0,0.0,77.85267519950867,,,,,,,,,70.30372068044302,42.207611994528385,295.3472900390625,23.158458709716797,0.00025000000000000006,5.421010862427522e-20,0.00025,0.00025,3243.1213,3701.213,26917.553,148.47833,-2009.0,427.17868236449567,-4.0,-4448.0,7.8076340258539325,2.1282255458422776,9.996717749357176,-3.768416812146467
28,577.0,0.0,0.0,3268.0,3268.0,75.0,1634.0,0.0,-305.0,-305.0,1.0,87.09144306182861,,,,,,,,,99.86478313239846,45.24757150160768,266.7857971191406,28.722875595092773,0.00025000000000000006,5.421010862427522e-20,0.00025,0.00025,3826.185,4777.433,30867.648,279.29166,-2009.0,427.17868236449567,-4.0,-4448.0,6.428428810998979,2.570796775843676,9.984036054492675,-3.308235054860944
29,652.0,0.0,0.0,3418.0,3418.0,75.0,1709.0,0.0,-315.0,-315.0,1.0,96.32231640815735,,,,,,,,,114.14004985706227,64.74058135152411,265.8164978027344,22.779739379882812,0.00025000000000000006,5.421010862427522e-20,0.00025,0.00025,4533.698,5955.2,36486.7,171.11075,-2076.6,580.4951909074413,-4.0,-4448.0,4.928667052081975,4.928493905451431,9.997961976714446,-4.109652602077281
30,727.0,0.0,0.0,3568.0,3568.0,75.0,1784.0,0.0,-305.0,-305.0,0.0,105.36005115509033,,,,,,,,,81.59786866162274,44.08616803413132,210.02560424804688,16.255685806274414,0.00025000000000000006,5.421010862427522e-20,0.00025,0.00025,1106.7793,1146.1139,7295.416,89.15421,-2009.0,426.87643801612353,-4.0,-4448.0,7.882085749813529,1.787685355586754,9.98559690449876,1.6962484089764462
31,784.0,0.0,0.0,3682.0,3682.0,57.0,1841.0,0.0,-177.0,-177.0,0.0,117.54445052146912,-390.0,-390.0,0.0,,,,,,174.02193576948983,146.78180968700897,593.1796264648438,8.280020713806152,0.00025,0.0,0.00025,0.00025,16989.26,21569.262,119984.2,436.61337,-1462.438596491228,6550.809367477932,46856.0,-4448.0,8.37101947030697,3.5602603845507077,10.000000000092495,-3.999797853754982
32,789.0,0.0,0.0,3692.0,3692.0,5.0,1846.0,0.0,76.0,76.0,1.0,118.18474888801575,,,,,,,,,127.15633392333984,55.67848117121254,213.7735595703125,59.3809814453125,0.00025,0.0,0.00025,0.00025,20164.84,21348.072,56956.727,5148.3247,8982.4,19001.671659093576,46856.0,-2138.0,5.888729540548569,5.63315213364735,9.999263073201925,-3.982714622383082
33,864.0,0.0,0.0,3842.0,3842.0,75.0,1921.0,0.0,-350.0,-350.0,1.0,127.89547038078308,,,,,,,,,154.1057739773312,151.03067810379676,1030.7918701171875,23.7672119140625,0.00025000000000000006,5.421010862427522e-20,0.00025,0.00025,19435.236,22455.262,127699.3,283.47708,-2280.9333333333334,863.1367343719198,-4.0,-4448.0,4.321848910346365,5.301416015486512,9.999985123323325,-3.999999996399736
34,939.0,0.0,0.0,3992.0,3992.0,75.0,1996.0,0.0,-330.0,-330.0,1.0,137.32098817825317,,,,,,,,,862.6300224874659,1037.6475206510293,4953.64501953125,9.730001329444349e-05,0.00025000000000000006,5.421010862427522e-20,0.00025,0.00025,131475.25,138982.7,630815.3,4832.675,-2178.0,742.6827227468448,-4.0,-4448.0,6.395540274300081,5.858506403892825,10.000000486288704,-5.8359431475400685
35,1014.0,0.0,0.0,4142.0,4142.0,75.0,2071.0,0.0,-340.0,-340.0,0.0,146.7665193080902,,,,,,,,,6910.16588528617,8721.565548535611,47161.54296875,9.367613022087662e-13,0.00025000000000000006,5.421010862427522e-20,0.00025,0.00025,797684.0,896298.94,4636796.5,3.1453265e-08,-2245.6,826.5723602121394,-4.0,-4448.0,4.5017728671458,6.414564058512744,10.0000004773358,-6.800000190734863
36,1089.0,0.0,0.0,4292.0,4292.0,75.0,2146.0,0.0,-335.0,-335.0,1.0,156.30246949195862,,,,,,,,,10032.416461207595,9149.140050481785,38947.7578125,6.900712640200979e-11,0.00025000000000000006,5.421010862427522e-20,0.00025,0.00025,1769431.4,1100412.1,4364851.5,10139.388,-2211.8,786.474530208491,-4.0,-4448.0,2.402884572830141,7.2062841807474305,10.0,-6.800000190735162
37,1164.0,0.0,0.0,4442.0,4442.0,75.0,2221.0,0.0,-335.0,-335.0,1.0,165.5171935558319,,,,,,,,,5217.655627277128,4705.600005955579,29218.75,1.1348813000466862e-09,0.00025000000000000006,5.421010862427522e-20,0.00025,0.00025,1006246.7,810698.25,3367581.0,2.187041e-08,-2179.5333333333333,738.4633655248052,-9.0,-4448.0,7.057992819125958,5.696869460172466,10.00000000000082,-6.800000190734863
38,1219.0,0.0,0.0,4552.0,4552.0,55.0,2276.0,0.0,-127.0,-127.0,0.0,173.52308821678162,,,,,,,,,6389.188869900193,5040.637568434921,24488.65234375,1.0557184015880239e-09,0.00025,0.0,0.00025,0.00025,455530.38,378250.28,1423283.0,10785.77,-1098.709090909091,6703.652870359636,47824.0,-4448.0,-2.797260518101526,8.868800674126474,10.000000000114236,-9.200000432845485
39,1294.0,0.0,0.0,4702.0,4702.0,75.0,2351.0,0.0,-345.0,-345.0,1.0,185.5039291381836,,,,,,,,,3034.980717014622,2477.1884053685467,14921.9658203125,168.95098876953125,0.00025000000000000006,5.421010862427522e-20,0.00025,0.00025,434471.6,286588.8,1148570.8,145000.47,-2279.4,863.4909765982889,-4.0,-4448.0,-4.8351934290558765,6.18450024574385,10.0,-9.200000404285912
40,1369.0,0.0,0.0,4852.0,4852.0,75.0,2426.0,0.0,-390.0,-390.0,0.0,202.52989864349365,,,,,,,,,3179.459360019581,2324.7375509319904,12008.412109375,55.177547454833984,0.00025000000000000006,5.421010862427522e-20,0.00025,0.00025,615362.75,378967.5,2138532.0,66514.46,-2583.6,1094.7152445575364,-9.0,-4448.0,-0.819272484767337,8.88756262450006,10.0,-10.000000003174007
41,1397.0,0.0,0.0,4908.0,4908.0,28.0,2454.0,0.0,-41.0,-41.0,1.0,208.87430047988892,30.0,30.0,0.0,,,,,,7799.833848741319,6360.144300572041,26251.306640625,1352.60791015625,0.00025,0.0,0.00025,0.00025,996625.25,651775.1,2434677.0,218479.1,-514.5357142857143,9213.089909324444,46856.0,-4448.0,4.919970933340814,8.30236707494267,10.000000000000027,-9.2
42,1436.0,0.0,0.0,4986.0,4986.0,39.0,2493.0,0.0,-70.0,-70.0,1.0,217.03577327728271,,,,,,,,,5604.083942614104,3341.277958208932,15750.1025390625,2033.0999755859375,0.00025000000000000006,5.421010862427522e-20,0.00025,0.00025,744415.2,547269.25,2004410.4,263143.7,-808.4615384615385,7797.19201871583,46856.0,-4448.0,-5.819532293059903,6.984616044145503,10.0,-9.200000351772053
43,1511.0,0.0,0.0,5136.0,5136.0,75.0,2568.0,0.0,-310.0,-310.0,0.0,231.4993097782135,,,,,,,,,5467.419794855891,3360.7859529807097,16888.66015625,665.5152587890625,0.00025000000000000006,5.421010862427522e-20,0.00025,0.00025,642584.0,580847.1,2292830.8,110485.664,-2042.8,510.7549183969418,-4.0,-4448.0,-4.906064759036227,7.4560360446185205,10.000000000000034,-9.200000039762507
44,1586.0,0.0,0.0,5286.0,5286.0,75.0,2643.0,0.0,-300.0,-300.0,1.0,245.62717413902283,,,,,,,,,4226.542754714554,3078.4637073198037,15227.935546875,201.34423828125,0.00025000000000000006,5.421010862427522e-20,0.00025,0.00025,735996.7,647595.25,2558564.0,169315.48,-1975.2,319.07332490615175,-4.0,-2028.0,-7.102724077434669,5.389334345912465,10.0,-9.2000002851328
45,1661.0,0.0,0.0,5436.0,5436.0,75.0,2718.0,0.0,-325.0,-325.0,0.0,260.26477575302124,,,,,,,,,10462.155377362225,10215.439670343907,60629.3125,586.933837890625,0.00025000000000000006,5.421010862427522e-20,0.00025,0.00025,1733206.6,1253348.1,4391107.5,247863.2,-2144.2,694.4985145172498,-4.0,-4448.0,-4.675670970361654,7.245520196852093,10.000000004318798,-9.200000095153198
46,1736.0,0.0,0.0,5586.0,5586.0,75.0,2793.0,0.0,-330.0,-330.0,1.0,275.11976623535156,,,,,,,,,13603.89450155722,12645.131983377883,63525.81640625,1028.99853515625,0.00025000000000000006,5.421010862427522e-20,0.00025,0.00025,2156971.8,1481959.1,6060541.0,242198.95,-2178.0,742.5089180160285,-4.0,-4448.0,-1.334825320776138,8.809339570742292,10.0,-9.200000135818435
47,1811.0,0.0,0.0,5736.0,5736.0,75.0,2868.0,0.0,-310.0,-310.0,0.0,290.0564968585968,,,,,,,,,25225.20330645587,19932.86587652116,101996.609375,1577.499267578125,0.00025000000000000006,5.421010862427522e-20,0.00025,0.00025,4157873.2,2847511.2,10780088.0,728676.9,-2042.8,510.7549183969418,-4.0,-4448.0,-2.411441568039735,8.726976285630556,10.0,-9.20000005462855
48,1886.0,0.0,0.0,5886.0,5886.0,75.0,2943.0,0.0,-310.0,-310.0,1.0,305.40481996536255,,,,,,,,,13987.033196939004,9814.522734586651,54544.578125,358.8388977050781,0.00025000000000000006,5.421010862427522e-20,0.00025,0.00025,3029024.8,2262343.2,8007893.0,58934.74,-2042.8,510.7549183969418,-4.0,-4448.0,-0.5775377142793283,9.429187115680783,10.0,-9.200000480991484
49,1961.0,0.0,0.0,6036.0,6036.0,75.0,3018.0,0.0,-305.0,-305.0,1.0,319.7686517238617,,,,,,,,,9812.556518554688,11497.261067535916,94466.3203125,164.27392578125,0.00025000000000000006,5.421010862427522e-20,0.00025,0.00025,1606069.9,1191860.5,6140809.5,67374.27,-2009.0,427.17868236449567,-4.0,-4448.0,3.507436860136577,8.75304541366804,10.0,-9.200000121718153
50,2036.0,0.0,0.0,6186.0,6186.0,75.0,3093.0,0.0,-325.0,-325.0,0.0,333.85321831703186,,,,,,,,,4391.286803374419,4139.294131477079,18478.37890625,93.52642822265625,0.00025000000000000006,5.421010862427522e-20,0.00025,0.00025,1105042.9,681699.06,2860359.2,193532.34,-2144.2,694.4985145172499,-4.0,-4448.0,-2.432918467984754,8.860082001947909,10.0,-9.200000336196325
51,2111.0,0.0,0.0,6336.0,6336.0,75.0,3168.0,0.0,-310.0,-310.0,1.0,348.9386601448059,-325.0,-325.0,0.0,,,,,,7293.224154910526,4173.31745299014,19824.203125,263.57928466796875,0.00025000000000000006,5.421010862427522e-20,0.00025,0.00025,1483727.6,1072018.2,4662431.0,249515.12,-2042.8,510.7549183969418,-4.0,-4448.0,-7.605626680989578,4.640207898684469,10.0,-9.200000415529813
52,2186.0,0.0,0.0,6486.0,6486.0,75.0,3243.0,0.0,-310.0,-310.0,1.0,363.7400710582733,,,,,,,,,13754.64267380173,9922.723036218045,49265.140625,594.9912109375,0.00025000000000000006,5.421010862427522e-20,0.00025,0.00025,2426321.8,1765974.5,9008445.0,272219.28,-2042.8,510.7549183969418,-4.0,-4448.0,-2.854405766429863,8.217203837557621,10.0,-9.200000321134905
53,2223.0,0.0,0.0,6560.0,6560.0,37.0,3280.0,0.0,-45.0,-45.0,0.0,370.48679637908936,,,,,,,,,25780.034206814234,27883.780555550187,120728.3515625,1269.115234375,0.00025,0.0,0.00025,0.00025,2959189.8,2499696.8,11341220.0,1054549.5,-509.5945945945946,8090.864556280676,47824.0,-2028.0,-3.3932766657604643,8.267325100687685,10.0,-8.800000190735055
54,2298.0,0.0,0.0,6710.0,6710.0,75.0,3355.0,0.0,-310.0,-310.0,1.0,384.9916512966156,,,,,,,,,17371.65863202069,10533.3425361827,54883.4140625,2061.6240234375,0.00025000000000000006,5.421010862427522e-20,0.00025,0.00025,2967854.5,2378939.0,10237851.0,683418.75,-2042.8,510.7549183969418,-4.0,-4448.0,-0.3573208228485254,9.021175104223213,10.000000000118725,-9.200000000123895
55,2373.0,0.0,0.0,6860.0,6860.0,75.0,3430.0,0.0,-300.0,-300.0,0.0,399.88681626319885,,,,,,,,,30809.96565205342,30082.71067084561,153426.53125,1557.84912109375,0.00025000000000000006,5.421010862427522e-20,0.00025,0.00025,4413696.5,3841181.0,13498808.0,1233106.1,-1975.2,319.07332490615175,-4.0,-2028.0,-7.375935812174121,3.952993180527994,10.0,-9.200000135603657
56,2448.0,0.0,0.0,7010.0,7010.0,75.0,3505.0,0.0,-305.0,-305.0,0.0,414.790566444397,,,,,,,,,26857.293641786317,20698.613585192106,116097.09375,3916.9814453125,0.00025000000000000006,5.421010862427522e-20,0.00025,0.00025,3962349.5,3320710.0,14977452.0,888334.56,-2009.0,427.17868236449567,-4.0,-4448.0,-2.244850476894709,7.889664616504038,10.0,-9.200000459729312
57,2457.0,0.0,0.0,7028.0,7028.0,9.0,3514.0,0.0,67.0,67.0,1.0,416.71737122535706,,,,,,,,,17570.48666381836,15827.076521921746,52661.94921875,2287.188232421875,0.00025,0.0,0.00025,0.00025,4483415.5,3118319.5,11091958.0,1205021.8,4214.333333333333,15480.103028655132,47824.0,-2028.0,-0.1494616156312265,8.01051023937638,10.0,-8.800001968189987
58,2532.0,0.0,0.0,7178.0,7178.0,75.0,3589.0,0.0,-310.0,-310.0,1.0,432.3634715080261,,,,,,,,,19850.263467324745,16739.601045146348,92327.234375,1495.35498046875,0.00025000000000000006,5.421010862427522e-20,0.00025,0.00025,4571833.5,3421996.8,14286757.0,309999.4,-2042.8,510.7549183969418,-4.0,-4448.0,0.8543889047662782,8.708873310117097,10.0,-9.200000198671033
59,2607.0,0.0,0.0,7328.0,7328.0,75.0,3664.0,0.0,-305.0,-305.0,0.0,446.6607587337494,,,,,,,,,21104.10316591005,10057.099083388994,51827.92578125,1915.392578125,0.00025000000000000006,5.421010862427522e-20,0.00025,0.00025,3666324.2,2389344.8,12334171.0,209155.66,-2009.0,427.17868236449567,-4.0,-4448.0,2.120503608155154,8.7543924933761,10.0,-9.200000156937739
60,2650.0,0.0,0.0,7414.0,7414.0,43.0,3707.0,0.0,-74.0,-74.0,0.0,454.47013545036316,,,,,,,,,17442.693298339844,12895.204053317648,57482.21875,1623.7935791015625,0.00025,0.0,0.00025,0.00025,4614840.0,3152111.0,11354180.0,1442445.1,-780.4186046511628,7542.659469396836,47824.0,-4448.0,-1.0221149138644614,7.609407485199224,10.0,-9.200000447677132
