Episode #,Training Iter,Epoch,In Heatup,ER #Transitions,ER #Episodes,Episode Length,Total steps,Epsilon,Shaped Training Reward,Training Reward,Update Target Network,Wall-Clock Time,Evaluation Reward,Shaped Evaluation Reward,Success Rate,Inverse Propensity Score,Direct Method Reward,Doubly Robust,Weighted Importance Sampling,Sequential Doubly Robust,Loss/Mean,Loss/Stdev,Loss/Max,Loss/Min,Learning Rate/Mean,Learning Rate/Stdev,Learning Rate/Max,Learning Rate/Min,Grads (unclipped)/Mean,Grads (unclipped)/Stdev,Grads (unclipped)/Max,Grads (unclipped)/Min,Discounted Return/Mean,Discounted Return/Stdev,Discounted Return/Max,Discounted Return/Min,Q/Mean,Q/Stdev,Q/Max,Q/Min
1,0.0,0.0,1.0,86.0,86.0,43.0,43.0,0.0,,,0.0,0.012129545211791992,,,,,,,,,,,,,,,,,,,,,-16949.511627906977,119536.69696701824,750812.0,-70052.0,,,,
2,0.0,0.0,1.0,94.0,94.0,4.0,47.0,0.0,,,0.0,0.07688355445861816,,,,,,,,,,,,,,,,,,,,,185943.75,335400.1008619221,766300.0,-31332.0,,,,
3,0.0,0.0,1.0,102.0,102.0,4.0,51.0,0.0,,,0.0,0.11957192420959473,,,,,,,,,,,,,,,,,,,,,185943.75,335400.1008619221,766300.0,-31332.0,,,,
4,0.0,0.0,1.0,118.0,118.0,8.0,59.0,0.0,,,0.0,0.1707472801208496,,,,,,,,,,,,,,,,,,,,,77305.875,260861.65243977387,766300.0,-31332.0,,,,
5,0.0,0.0,1.0,178.0,178.0,30.0,89.0,0.0,,,0.0,0.31561779975891113,,,,,,,,,,,,,,,,,,,,,-8628.3,142217.93619797047,750812.0,-70052.0,,,,
6,0.0,0.0,1.0,328.0,328.0,75.0,164.0,0.0,,,0.0,0.5801148414611816,,,,,,,,,,,,,,,,,,,,,-37289.88,15820.386606283257,-4.0,-70052.0,,,,
7,0.0,0.0,1.0,478.0,478.0,75.0,239.0,0.0,,,0.0,0.838780403137207,,,,,,,,,,,,,,,,,,,,,-36767.68,15358.199556076444,-9.0,-70052.0,,,,
8,0.0,0.0,1.0,628.0,628.0,75.0,314.0,0.0,,,0.0,1.100109577178955,,,,,,,,,,,,,,,,,,,,,-35729.21333333333,14369.091204195516,-4.0,-70052.0,,,,
9,0.0,0.0,1.0,778.0,778.0,75.0,389.0,0.0,,,0.0,1.360311508178711,,,,,,,,,,,,,,,,,,,,,-38856.48,17004.130327548854,-4.0,-70052.0,,,,
10,0.0,0.0,1.0,800.0,800.0,11.0,400.0,0.0,,,0.0,1.4198603630065918,,,,,,,,,,,,,,,,,,,,,44116.90909090909,229166.36118706214,766300.0,-70052.0,,,,
11,0.0,0.0,1.0,950.0,950.0,75.0,475.0,0.0,,,0.0,1.6762304306030273,,,,,,,,,,,,,,,,,,,,,-35207.013333333336,13812.968971217673,-4.0,-70052.0,,,,
12,0.0,0.0,1.0,1100.0,1100.0,75.0,550.0,0.0,,,0.0,1.9439842700958252,,,,,,,,,,,,,,,,,,,,,-36245.48,14888.043080145446,-4.0,-70052.0,,,,
13,0.0,0.0,1.0,1250.0,1250.0,75.0,625.0,0.0,,,0.0,2.201068639755249,,,,,,,,,,,,,,,,,,,,,-36767.68,15358.199556076444,-9.0,-70052.0,,,,
14,0.0,0.0,1.0,1400.0,1400.0,75.0,700.0,0.0,,,0.0,2.4511187076568604,,,,,,,,,,,,,,,,,,,,,-35723.28,14358.019244598703,-9.0,-70052.0,,,,
15,0.0,0.0,1.0,1550.0,1550.0,75.0,775.0,0.0,,,0.0,2.702773094177246,,,,,,,,,,,,,,,,,,,,,-36767.68,15370.163382484478,-4.0,-70052.0,,,,
16,0.0,0.0,1.0,1554.0,1554.0,2.0,777.0,0.0,,,0.0,2.729869842529297,,,,,,,,,,,,,,,,,,,,,4403.5,4304.5,8708.0,99.0,,,,
17,0.0,0.0,1.0,1704.0,1704.0,75.0,852.0,0.0,,,0.0,2.9905898571014404,,,,,,,,,,,,,,,,,,,,,-35729.21333333333,14369.091204195514,-4.0,-70052.0,,,,
18,0.0,0.0,1.0,1854.0,1854.0,75.0,927.0,0.0,,,0.0,3.2565128803253174,,,,,,,,,,,,,,,,,,,,,-38334.28,16635.196576383863,-4.0,-70052.0,,,,
19,0.0,0.0,1.0,1984.0,1984.0,65.0,992.0,0.0,,,0.0,3.4843947887420654,,,,,,,,,,,,,,,,,,,,,-25191.646153846155,100334.08383509882,766300.0,-70052.0,,,,
20,0.0,0.0,1.0,2120.0,2120.0,68.0,1060.0,0.0,,,0.0,3.719630479812622,,,,,,,,,,,,,,,,,,,,,-24425.823529411766,96882.13741478403,758556.0,-70052.0,,,,
21,74.0,0.0,0.0,2270.0,2270.0,75.0,1135.0,0.0,-370.0,-370.0,1.0,13.48140001296997,,,,,,,,,221.21477969917092,124.0258572169623,442.3524475097656,28.249418258666992,0.00025000000000000006,5.421010862427522e-20,0.00025,0.00025,474.64227,587.3145,2367.1575,21.099005,-37812.08,16241.238454223045,-4.0,-70052.0,5.348031770891034,2.966360470092073,9.964574880487493,-0.01741778826864926
22,149.0,0.0,0.0,2420.0,2420.0,75.0,1210.0,0.0,-350.0,-350.0,1.0,22.247878313064575,,,,,,,,,440.0408042186015,681.9049525923574,4236.466796875,8.665877342224121,0.00025000000000000006,5.421010862427522e-20,0.00025,0.00025,29487.895,44908.23,196239.61,1127.0443,-35207.013333333336,13812.819468395615,-4.0,-70052.0,8.752815212727283,3.2172288305245056,10.00000060755409,-9.196859441829414
23,224.0,0.0,0.0,2570.0,2570.0,75.0,1285.0,0.0,-400.0,-400.0,0.0,31.01178479194641,,,,,,,,,139.51016286901526,41.9608015880782,252.9836883544922,52.34469223022461,0.00025000000000000006,5.421010862427522e-20,0.00025,0.00025,1820.9525,1222.8765,6004.7446,252.1707,-40945.28,18256.856331479048,-4.0,-70052.0,6.564786407052282,2.307663895618949,9.997128949729413,-1.7390295829427682
24,299.0,0.0,0.0,2720.0,2720.0,75.0,1360.0,0.0,-405.0,-405.0,1.0,39.74248027801514,,,,,,,,,96.89657012836354,41.12207761869555,215.56985473632812,20.945756912231445,0.00025000000000000006,5.421010862427522e-20,0.00025,0.00025,2432.6304,2117.636,13132.934,263.89313,-40951.21333333333,18253.688445019056,-4.0,-70052.0,7.692099979916172,2.3582327701325396,9.98397348714533,-3.348060252053495
25,374.0,0.0,0.0,2870.0,2870.0,75.0,1435.0,0.0,-385.0,-385.0,0.0,48.509411334991455,,,,,,,,,137.79187975703059,62.96994384097674,328.21661376953125,33.270545959472656,0.00025000000000000006,5.421010862427522e-20,0.00025,0.00025,3867.4573,3056.1392,13865.416,313.83075,-39378.68,17349.39812916479,-4.0,-70052.0,4.128005723656715,4.434436569434938,9.9711796431842,-3.8535300128082906
26,379.0,0.0,0.0,2880.0,2880.0,5.0,1440.0,0.0,76.0,76.0,1.0,49.12795305252075,,,,,,,,,144.14130973815918,110.81582199818345,335.0382080078125,61.73963928222656,0.00025,0.0,0.00025,0.00025,4003.919,4046.0425,10877.826,1012.29834,139266.4,306204.9250045466,750812.0,-31772.0,5.829151656066233,4.239368457620903,9.674186452072297,-2.3475862504778315
27,454.0,0.0,0.0,3030.0,3030.0,75.0,1515.0,0.0,-390.0,-390.0,0.0,57.924357414245605,,,,,,,,,114.92008626783216,75.34870272078608,447.2247314453125,20.016138076782227,0.00025000000000000006,5.421010862427522e-20,0.00025,0.00025,6772.426,7489.1255,35617.566,509.51938,-39384.613333333335,17346.600373093923,-4.0,-70052.0,4.9304503288087975,4.807686745572812,9.99328627739426,-5.00486479281314
28,477.0,0.0,0.0,3076.0,3076.0,23.0,1538.0,0.0,-19.0,-19.0,0.0,60.648183822631836,,,,,,,,,152.52448428760874,54.85072435115849,266.96441650390625,42.175418853759766,0.00025000000000000006,5.421010862427522e-20,0.00025,0.00025,7072.42,5365.086,19288.842,939.6111,-2078.391304347826,165058.94562845514,766300.0,-70052.0,2.718134359776092,4.657799692091871,9.887933557473128,-5.336009512995522
29,491.0,0.0,0.0,3104.0,3104.0,14.0,1552.0,0.0,30.0,30.0,1.0,62.369919538497925,,,,,,,,,86.95385140639085,85.53771930346947,264.48101806640625,14.894157409667969,0.0002500000000000001,1.0842021724855044e-19,0.00025,0.00025,4137.6445,5584.577,22258.973,359.3898,21235.285714285714,203564.3071374423,750812.0,-70052.0,8.996000492073106,1.2898050818246283,9.99305678535206,3.559783823120899
30,566.0,0.0,0.0,3254.0,3254.0,75.0,1627.0,0.0,-400.0,-400.0,0.0,71.40609741210938,,,,,,,,,147.15299067626128,65.69007539216321,278.1125183105469,19.328475952148438,0.00025000000000000006,5.421010862427522e-20,0.00025,0.00025,3261.2131,5234.2944,44206.984,326.12695,-40945.28,18256.856331479048,-4.0,-70052.0,6.785619159529085,2.891312884882062,9.999976828058916,-4.258260833063196
31,641.0,0.0,0.0,3404.0,3404.0,75.0,1702.0,0.0,-390.0,-390.0,1.0,80.33786487579346,95.0,95.0,0.0,,,,,,79.66270000870163,35.65946000183389,245.73681640625,26.043075561523438,0.00025000000000000006,5.421010862427522e-20,0.00025,0.00025,1611.9279,2510.9204,17130.363,149.79408,-39384.613333333335,17336.11968801426,-9.0,-70052.0,8.427249118499343,1.4154852002921314,9.92225867377013,-0.17083094599776816
32,716.0,0.0,0.0,3554.0,3554.0,75.0,1777.0,0.0,-405.0,-405.0,0.0,89.20875811576843,,,,,,,,,99.89833130707612,48.14639350509894,216.148193359375,27.162921905517578,0.00025000000000000006,5.421010862427522e-20,0.00025,0.00025,2164.3835,1874.5386,7924.7573,203.36249,-40951.21333333333,18253.688445019056,-4.0,-70052.0,7.072120532047627,2.7137561338759255,9.977690354426276,-2.936709501732245
33,791.0,0.0,0.0,3704.0,3704.0,75.0,1852.0,0.0,-410.0,-410.0,0.0,98.04909110069275,,,,,,,,,76.71172136873813,20.68227851618453,125.69847106933594,37.91825866699219,0.00025000000000000006,5.421010862427522e-20,0.00025,0.00025,1267.3127,925.6279,4582.757,132.4112,-41473.41333333333,18506.946558949756,-9.0,-70052.0,8.383511956313221,0.9737490667955289,9.839339690789112,0.18344186958069653
34,794.0,0.0,0.0,3710.0,3710.0,3.0,1855.0,0.0,91.0,91.0,1.0,98.43026947975159,,,,,,,,,42.669939041137695,12.295000076293945,54.96493911743164,30.37493896484375,0.00025,0.0,0.00025,0.00025,193.0975,3.4114075,196.50891,189.6861,258369.0,359178.650340839,766300.0,99.0,9.033634812281491,0.39291219623516216,9.539005671522423,6.7347900884215
35,869.0,0.0,0.0,3860.0,3860.0,75.0,1930.0,0.0,-395.0,-395.0,0.0,107.77246761322021,,,,,,,,,91.36794046453528,57.30572813795944,319.0667419433594,17.110179901123047,0.00025000000000000006,5.421010862427522e-20,0.00025,0.00025,4681.0845,7006.035,33810.973,205.29045,-40423.08,17964.413825679552,-9.0,-70052.0,6.503052276221964,5.060550452822178,9.999984437386788,-9.198598996057047
36,944.0,0.0,0.0,4010.0,4010.0,75.0,2005.0,0.0,-410.0,-410.0,0.0,116.97409462928772,,,,,,,,,106.8578463889457,46.50430026847737,307.8682556152344,22.26288604736328,0.00025000000000000006,5.421010862427522e-20,0.00025,0.00025,3811.3572,7408.996,42897.023,114.98953,-41473.41333333333,18506.946558949756,-9.0,-70052.0,4.530746253593748,6.489695073042384,9.97792667359282,-9.193585693254418
37,974.0,0.0,0.0,4070.0,4070.0,30.0,2035.0,0.0,-57.0,-57.0,1.0,120.67360472679138,,,,,,,,,74.9581852616935,20.559042768350725,123.952880859375,42.070411682128906,0.00025000000000000006,5.421010862427522e-20,0.00025,0.00025,740.3273,544.02234,2821.4624,145.57697,-11515.233333333334,145776.42783287092,766300.0,-70052.0,8.538433842545654,0.7705506933717752,9.828490312375596,4.036296126638538
38,1049.0,0.0,0.0,4220.0,4220.0,75.0,2110.0,0.0,-410.0,-410.0,0.0,129.81909227371216,,,,,,,,,89.12937607636323,31.66599766726896,184.8445281982422,30.375717163085938,0.00025000000000000006,5.421010862427522e-20,0.00025,0.00025,826.44183,603.658,2774.9048,106.29728,-41473.41333333333,18506.946558949756,-9.0,-70052.0,7.5584954315083,1.4555340159889913,9.68855085399044,1.8162855144630266
39,1051.0,0.0,0.0,4224.0,4224.0,2.0,2112.0,0.0,95.0,95.0,1.0,130.08652424812317,,,,,,,,,79.39755249023438,0.0,79.39755249023438,79.39755249023438,0.00025,0.0,0.00025,0.00025,1061.7616,0.0,1061.7616,1061.7616,4403.5,4304.5,8708.0,99.0,7.388248023209481,0.9537385604245784,9.33299024532343,3.737625546393331
40,1126.0,0.0,0.0,4374.0,4374.0,75.0,2187.0,0.0,-410.0,-410.0,0.0,138.9361321926117,,,,,,,,,82.52882396852648,54.428245235204685,238.9096221923828,13.751481056213379,0.00025000000000000006,5.421010862427522e-20,0.00025,0.00025,2239.197,2466.4685,11692.831,154.69873,-41473.41333333333,18506.946558949756,-9.0,-70052.0,6.7752056242978025,4.731518205779704,9.997668067561355,-7.830426935080013
41,1128.0,0.0,0.0,4378.0,4378.0,2.0,2189.0,0.0,95.0,95.0,0.0,139.86819171905518,-410.0,-410.0,0.0,,,,,,87.13400268554688,0.0,87.13400268554688,87.13400268554688,0.00025,0.0,0.00025,0.00025,587.50446,0.0,587.50446,587.50446,4403.5,4304.5,8708.0,99.0,8.450405503910329,0.38840200995332064,9.354838543384608,7.694931560315036
42,1137.0,0.0,0.0,4396.0,4396.0,9.0,2198.0,0.0,57.0,57.0,0.0,140.9509618282318,,,,,,,,,60.72475242614746,13.974016971460108,95.8660888671875,49.436866760253906,0.00025,0.0,0.00025,0.00025,497.7221,448.9123,1646.4279,164.60881,60833.88888888889,250301.28129535966,766300.0,-70052.0,9.02990823713858,0.508605554075826,9.871303380592314,6.89937126378436
43,1139.0,0.0,0.0,4400.0,4400.0,2.0,2200.0,0.0,95.0,95.0,1.0,141.22023701667786,,,,,,,,,51.20761489868164,0.0,51.20761489868164,51.20761489868164,0.00025,0.0,0.00025,0.00025,1229.0602,0.0,1229.0602,1229.0602,4403.5,4304.5,8708.0,99.0,9.370111728142188,0.1597647657644607,9.773965903795721,9.059604071698669
44,1214.0,0.0,0.0,4550.0,4550.0,75.0,2275.0,0.0,-410.0,-410.0,0.0,150.05443382263184,,,,,,,,,96.06256283940496,40.18221306245056,225.78369140625,35.18379211425781,0.00025000000000000006,5.421010862427522e-20,0.00025,0.00025,1050.9661,801.4444,4858.2197,227.1872,-41473.41333333333,18506.946558949756,-9.0,-70052.0,7.118064851480068,2.025449882881461,9.947258586106605,1.1381289188382655
45,1253.0,0.0,0.0,4628.0,4628.0,39.0,2314.0,0.0,-105.0,-105.0,0.0,154.65690732002258,,,,,,,,,64.0237989927593,37.50418405008557,235.89227294921875,27.512069702148438,0.00025000000000000006,5.421010862427522e-20,0.00025,0.00025,2244.3613,3056.1096,12702.715,260.56854,-18498.48717948718,126227.10263259259,750812.0,-70052.0,8.87687157680131,1.1615098047016503,9.997800565746788,3.314844500848607
46,1328.0,0.0,0.0,4778.0,4778.0,75.0,2389.0,0.0,-365.0,-365.0,1.0,163.47872805595398,,,,,,,,,91.7886962890625,49.42475669599161,230.4228057861328,24.27041244506836,0.00025000000000000006,5.421010862427522e-20,0.00025,0.00025,3736.854,3300.7407,17744.416,337.89752,-36773.613333333335,15368.013382688372,-4.0,-70052.0,7.237614750539521,3.7731770939120426,9.999803469189676,-4.835693238718553
47,1403.0,0.0,0.0,4928.0,4928.0,75.0,2464.0,0.0,-335.0,-335.0,0.0,172.31335854530334,,,,,,,,,281.15775703739473,237.2603152738753,1178.4853515625,20.846776962280273,0.00025000000000000006,5.421010862427522e-20,0.00025,0.00025,34839.945,31273.74,124086.266,1998.119,-33640.41333333333,11853.598062015693,-4.0,-70052.0,4.986087833694079,5.434874816428292,9.999990351889453,-9.199725052820005
48,1478.0,0.0,0.0,5078.0,5078.0,75.0,2539.0,0.0,-360.0,-360.0,1.0,181.15612959861755,,,,,,,,,7022.051807919064,9345.106044463715,53703.4609375,85.83416748046875,0.00025000000000000006,5.421010862427522e-20,0.00025,0.00025,988994.4,1058022.6,5406367.0,8694.521,-36767.68,15358.199556076444,-9.0,-70052.0,-0.4952861276239157,8.23368757629265,10.000000048695398,-9.200000070543839
49,1523.0,0.0,0.0,5168.0,5168.0,45.0,2584.0,0.0,-87.0,-87.0,0.0,186.5099139213562,,,,,,,,,43018.66578258167,43538.92293950948,189537.71875,2636.2900390625,0.00025,0.0,0.00025,0.00025,5653789.0,4951748.5,24300360.0,993141.0,-13759.266666666666,118125.2384151668,766300.0,-70052.0,-2.0296192801098893,6.95724695259863,10.000000000000014,-9.200000025482149
50,1598.0,0.0,0.0,5318.0,5318.0,75.0,2659.0,0.0,-315.0,-315.0,0.0,195.2418384552002,,,,,,,,,81134.6569362331,62257.846742719514,265577.75,16712.32421875,0.00025000000000000006,5.421010862427522e-20,0.00025,0.00025,10412184.0,8135553.0,30140028.0,3088182.2,-32067.88,9236.621519379618,-4.0,-70052.0,-2.785211163097614,8.458308836641475,10.000000137068183,-9.2
51,1673.0,0.0,0.0,5468.0,5468.0,75.0,2734.0,0.0,-325.0,-325.0,1.0,204.54441833496094,-129.0,-129.0,0.0,,,,,,72103.94568201013,43453.57803868832,260902.84375,6186.193359375,0.00025000000000000006,5.421010862427522e-20,0.00025,0.00025,9781517.0,7100127.5,28764738.0,2341220.2,-33112.28,11075.746186522454,-4.0,-70052.0,-2.9057097538943375,8.55928120356257,10.00000000006513,-9.20000029560768
52,1748.0,0.0,0.0,5618.0,5618.0,75.0,2809.0,0.0,-305.0,-305.0,1.0,213.3831067085266,,,,,,,,,58256.378121040965,38955.42685667542,206978.53125,8119.63330078125,0.00025000000000000006,5.421010862427522e-20,0.00025,0.00025,7779092.0,5242908.5,23007072.0,533092.4,-31023.48,6765.844949174248,-4.0,-70052.0,-1.1884843480037182,8.743957933176176,10.000000000014406,-9.2
53,1823.0,0.0,0.0,5768.0,5768.0,75.0,2884.0,0.0,-310.0,-310.0,0.0,222.2263207435608,,,,,,,,,34555.96422350084,23488.225011968065,127258.046875,6728.15380859375,0.00025000000000000006,5.421010862427522e-20,0.00025,0.00025,6190507.0,3675663.5,15910662.0,1682918.4,-31545.68,8112.866960838607,-4.0,-70052.0,-2.3114569103323577,7.997285653072271,10.000000050400867,-9.200000177313537
54,1898.0,0.0,0.0,5918.0,5918.0,75.0,2959.0,0.0,-345.0,-345.0,1.0,231.06532287597656,,,,,,,,,34617.38089896537,22541.153773977418,150599.875,9697.869140625,0.00025000000000000006,5.421010862427522e-20,0.00025,0.00025,5779594.0,3245330.8,15922539.0,1227616.1,-34684.81333333333,13212.874626104478,-4.0,-70052.0,-1.7917196121775045,8.256553733225855,10.000000093563704,-9.200000340336508
55,1971.0,0.0,0.0,6064.0,6064.0,73.0,3032.0,0.0,-229.0,-229.0,0.0,239.69840478897095,,,,,,,,,31266.881320529516,21929.391747724236,133592.515625,7994.96484375,0.00025,0.0,0.00025,0.00025,5183471.0,3572580.0,15780041.0,1253757.0,-23718.534246575342,94112.4318974177,766300.0,-70052.0,-6.034869238340816,6.0549944190065785,10.0,-9.20000024032734
56,1977.0,0.0,0.0,6076.0,6076.0,6.0,3038.0,0.0,72.0,72.0,1.0,240.42503428459167,,,,,,,,,16395.36474609375,7411.006061110259,26568.87109375,5559.28857421875,0.00025,0.0,0.00025,0.00025,3351784.5,1518564.2,5834034.0,1855787.9,104380.0,290206.5665561917,750812.0,-70052.0,6.35706935450393,6.442706542467007,10.0,-8.800000190734805
57,2052.0,0.0,0.0,6226.0,6226.0,75.0,3113.0,0.0,-345.0,-345.0,1.0,249.2638339996338,,,,,,,,,18881.33213022593,9998.078514682213,51121.6953125,5360.818359375,0.00025000000000000006,5.421010862427522e-20,0.00025,0.00025,4084887.8,2973623.0,14917130.0,676919.5,-35201.08,13814.538661144883,-4.0,-70052.0,-0.4292110377521988,9.251170297805904,10.00000026863388,-9.200000409609824
58,2127.0,0.0,0.0,6376.0,6376.0,75.0,3188.0,0.0,-335.0,-335.0,1.0,258.1082875728607,,,,,,,,,20484.545093433277,15525.81203601065,92818.5,4511.6083984375,0.00025000000000000006,5.421010862427522e-20,0.00025,0.00025,3504423.2,2537477.8,10863609.0,1082839.9,-34156.68,12563.740978079208,-4.0,-70052.0,-4.6472734414880295,7.105919169785705,10.0,-9.200000094574207
59,2202.0,0.0,0.0,6526.0,6526.0,75.0,3263.0,0.0,-325.0,-325.0,0.0,266.9449646472931,,,,,,,,,15090.680730046453,9447.606518141234,52304.5390625,4171.7939453125,0.00025000000000000006,5.421010862427522e-20,0.00025,0.00025,3307983.2,2243378.5,9344112.0,818785.1,-32596.013333333332,10210.483603947898,-4.0,-70052.0,-5.79922145817701,6.032288037469588,10.000000422207393,-9.20000037827263
60,2261.0,0.0,0.0,6644.0,6644.0,59.0,3322.0,0.0,-158.0,-158.0,0.0,273.89589500427246,,,,,,,,,17877.320384058457,14627.795844209837,74767.3359375,3930.839599609375,0.00025,0.0,0.00025,0.00025,3775070.2,3250829.2,13850873.0,1089235.8,-19920.508474576272,104038.94077999261,766300.0,-70052.0,-1.9061509945821757,9.101359753928163,10.000000000000178,-9.200000417280949
61,2336.0,0.0,0.0,6794.0,6794.0,75.0,3397.0,0.0,-345.0,-345.0,1.0,283.399911403656,-315.0,-315.0,0.0,,,,,,20337.046475797088,17594.507502485707,114196.421875,2263.331787109375,0.00025000000000000006,5.421010862427522e-20,0.00025,0.00025,3873778.2,3024240.5,13119555.0,1040829.7,-35201.08,13814.389175310407,-4.0,-70052.0,-1.6993585684686079,8.58568104504027,10.000000522111335,-9.200000218428306
62,2411.0,0.0,0.0,6944.0,6944.0,75.0,3472.0,0.0,-320.0,-320.0,0.0,292.25449419021606,,,,,,,,,18499.627375422297,11604.67090295843,69849.640625,1862.775390625,0.00025000000000000006,5.421010862427522e-20,0.00025,0.00025,3435034.5,2268956.8,10026379.0,1023397.94,-32590.08,10211.089960443334,-4.0,-70052.0,4.0055305138773205,8.107083959806117,10.00000001812882,-9.200000276480031
63,2486.0,0.0,0.0,7094.0,7094.0,75.0,3547.0,0.0,-320.0,-320.0,1.0,301.0715069770813,,,,,,,,,7479.29354116079,4853.180106099149,28829.73046875,1185.2523193359375,0.00025000000000000006,5.421010862427522e-20,0.00025,0.00025,2269375.2,1535799.9,6257903.0,262297.25,-32590.08,10211.089960443336,-4.0,-70052.0,0.8092624272052555,9.387375016279469,10.00000036051648,-9.200000066435518
64,2561.0,0.0,0.0,7244.0,7244.0,75.0,3622.0,0.0,-310.0,-310.0,1.0,309.86713004112244,,,,,,,,,4439.53325921136,3428.3696777433584,25076.56640625,311.64703369140625,0.00025000000000000006,5.421010862427522e-20,0.00025,0.00025,1076392.2,693720.44,3613190.8,305378.62,-31545.68,8090.178089774456,-9.0,-70052.0,-1.3042648229798888,8.874509025758968,10.00000000000082,-9.200000520583938
65,2636.0,0.0,0.0,7394.0,7394.0,75.0,3697.0,0.0,-305.0,-305.0,0.0,318.69202065467834,,,,,,,,,8533.245936213312,6047.553221239337,47451.3984375,447.34063720703125,0.00025000000000000006,5.421010862427522e-20,0.00025,0.00025,1620514.0,1091781.2,5596814.0,534122.7,-31023.48,6765.844949174248,-4.0,-70052.0,-3.3039244406055968,8.13154652244843,10.000000099549425,-9.200000337429747
66,2711.0,0.0,0.0,7544.0,7544.0,75.0,3772.0,0.0,-320.0,-320.0,0.0,327.4492461681366,,,,,,,,,10257.914709142737,4851.283487170395,25508.19921875,3030.366455078125,0.00025000000000000006,5.421010862427522e-20,0.00025,0.00025,2206199.5,1163923.4,5590027.0,749301.4,-32590.08,10210.887720807303,-4.0,-70052.0,0.04310250354723741,9.077806449126031,10.000000379197292,-9.200000287118792
67,2786.0,0.0,0.0,7694.0,7694.0,75.0,3847.0,0.0,-305.0,-305.0,1.0,336.1319303512573,,,,,,,,,9180.766611460092,4475.996860636704,20176.37109375,651.418212890625,0.00025000000000000006,5.421010862427522e-20,0.00025,0.00025,1529994.0,882655.75,5442471.0,408858.25,-31023.48,6765.844949174248,-4.0,-70052.0,-1.8301489859706204,8.474852483005705,10.000000382858065,-9.200000284536875
68,2861.0,0.0,0.0,7844.0,7844.0,75.0,3922.0,0.0,-300.0,-300.0,1.0,344.84843921661377,,,,,,,,,5587.067066089527,3337.418946919523,21127.68359375,1494.4150390625,0.00025000000000000006,5.421010862427522e-20,0.00025,0.00025,1177887.1,803102.6,3901189.5,366856.9,-30501.28,5018.896267932489,-4.0,-31332.0,-4.018451950249671,7.84228276260999,10.0,-9.20000050927007
69,2936.0,0.0,0.0,7994.0,7994.0,75.0,3997.0,0.0,-310.0,-310.0,0.0,353.89815616607666,,,,,,,,,6750.670372215477,2753.655698816241,16022.8271484375,614.1414794921875,0.00025000000000000006,5.421010862427522e-20,0.00025,0.00025,1260161.1,839858.3,3742948.0,354480.44,-31545.68,8112.866960838607,-4.0,-70052.0,-5.540731447145402,6.5635253416671295,10.0,-9.200000505183569
70,2960.0,0.0,0.0,8042.0,8042.0,24.0,4021.0,0.0,7.0,7.0,0.0,356.83389496803284,,,,,,,,,5013.974906589674,3017.6769936999876,13167.013671875,733.933837890625,0.00025000000000000006,5.421010862427522e-20,0.00025,0.00025,1447100.6,1336027.4,4784054.5,467494.9,4880.625,159077.4727084816,766300.0,-31332.0,-8.706496415624576,1.6093940532563098,9.999999992758541,-9.20000022826067
