Episode #,Training Iter,Epoch,In Heatup,ER #Transitions,ER #Episodes,Episode Length,Total steps,Epsilon,Shaped Training Reward,Training Reward,Update Target Network,Wall-Clock Time,Evaluation Reward,Shaped Evaluation Reward,Success Rate,Inverse Propensity Score,Direct Method Reward,Doubly Robust,Weighted Importance Sampling,Sequential Doubly Robust,Loss/Mean,Loss/Stdev,Loss/Max,Loss/Min,Learning Rate/Mean,Learning Rate/Stdev,Learning Rate/Max,Learning Rate/Min,Grads (unclipped)/Mean,Grads (unclipped)/Stdev,Grads (unclipped)/Max,Grads (unclipped)/Min,Discounted Return/Mean,Discounted Return/Stdev,Discounted Return/Max,Discounted Return/Min,Q/Mean,Q/Stdev,Q/Max,Q/Min
1,0.0,0.0,1.0,150.0,150.0,75.0,75.0,0.0,,,0.0,0.012253999710083008,,,,,,,,,,,,,,,,,,,,,-28998.0,12432.577411515816,-4.0,-53673.0,,,,
2,0.0,0.0,1.0,164.0,164.0,7.0,82.0,0.0,,,0.0,0.09248542785644531,,,,,,,,,,,,,,,,,,,,,71180.71428571429,210804.36488278094,586659.0,-24028.0,,,,
3,0.0,0.0,1.0,170.0,170.0,3.0,85.0,0.0,,,0.0,0.12740325927734375,,,,,,,,,,,,,,,,,,,,,198125.66666666666,274751.70722348976,586659.0,99.0,,,,
4,0.0,0.0,1.0,320.0,320.0,75.0,160.0,0.0,,,0.0,0.4017140865325928,,,,,,,,,,,,,,,,,,,,,-27796.6,11386.916907866971,-9.0,-53673.0,,,,
5,0.0,0.0,1.0,470.0,470.0,75.0,235.0,0.0,,,0.0,0.6714088916778564,,,,,,,,,,,,,,,,,,,,,-27801.8,11385.281413005712,-9.0,-53673.0,,,,
6,0.0,0.0,1.0,550.0,550.0,40.0,275.0,0.0,,,0.0,0.8211398124694824,,,,,,,,,,,,,,,,,,,,,-12922.95,95051.29278709205,574801.0,-53673.0,,,,
7,0.0,0.0,1.0,564.0,564.0,7.0,282.0,0.0,,,0.0,0.8677444458007812,,,,,,,,,,,,,,,,,,,,,71983.14285714286,205592.68460820333,574801.0,-24413.0,,,,
8,0.0,0.0,1.0,714.0,714.0,75.0,357.0,0.0,,,0.0,1.1200945377349854,,,,,,,,,,,,,,,,,,,,,-28197.066666666666,11766.454445678284,-4.0,-53673.0,,,,
9,0.0,0.0,1.0,864.0,864.0,75.0,432.0,0.0,,,0.0,1.3848319053649902,,,,,,,,,,,,,,,,,,,,,-28197.066666666666,11766.454445678284,-4.0,-53673.0,,,,
10,0.0,0.0,1.0,1014.0,1014.0,75.0,507.0,0.0,,,0.0,1.6380951404571533,,,,,,,,,,,,,,,,,,,,,-27796.6,11397.743817674327,-4.0,-53673.0,,,,
11,0.0,0.0,1.0,1164.0,1164.0,75.0,582.0,0.0,,,0.0,1.893519639968872,,,,,,,,,,,,,,,,,,,,,-28202.266666666666,11764.694707282273,-4.0,-53673.0,,,,
12,0.0,0.0,1.0,1200.0,1200.0,18.0,600.0,0.0,,,0.0,1.976809024810791,,,,,,,,,,,,,,,,,,,,,9660.388888888889,140604.22576040204,586659.0,-53673.0,,,,
13,0.0,0.0,1.0,1226.0,1226.0,13.0,613.0,0.0,,,0.0,2.044393301010132,,,,,,,,,,,,,,,,,,,,,27238.23076923077,161805.98859372572,586659.0,-24028.0,,,,
14,0.0,0.0,1.0,1254.0,1254.0,14.0,627.0,0.0,,,0.0,2.1149632930755615,,,,,,,,,,,,,,,,,,,,,21431.0,157314.50333828546,586659.0,-53673.0,,,,
15,0.0,0.0,1.0,1404.0,1404.0,75.0,702.0,0.0,,,0.0,2.386749029159546,,,,,,,,,,,,,,,,,,,,,-28602.733333333334,12098.649851211589,-9.0,-53673.0,,,,
16,0.0,0.0,1.0,1554.0,1554.0,75.0,777.0,0.0,,,0.0,2.6416561603546143,,,,,,,,,,,,,,,,,,,,,-27796.6,11397.743817674329,-4.0,-53673.0,,,,
17,0.0,0.0,1.0,1704.0,1704.0,75.0,852.0,0.0,,,0.0,2.8961870670318604,,,,,,,,,,,,,,,,,,,,,-27796.6,11397.743817674327,-4.0,-53673.0,,,,
18,0.0,0.0,1.0,1854.0,1854.0,75.0,927.0,0.0,,,0.0,3.150350570678711,,,,,,,,,,,,,,,,,,,,,-27796.6,11397.743817674327,-4.0,-53673.0,,,,
19,0.0,0.0,1.0,1876.0,1876.0,11.0,938.0,0.0,,,0.0,3.2109410762786865,,,,,,,,,,,,,,,,,,,,,33828.90909090909,175442.19191851644,586659.0,-53673.0,,,,
20,0.0,0.0,1.0,2022.0,2022.0,73.0,1011.0,0.0,,,0.0,3.464594602584839,,,,,,,,,,,,,,,,,,,,,-19588.794520547945,71039.26515396476,574801.0,-53673.0,,,,
21,74.0,0.0,0.0,2172.0,2172.0,75.0,1086.0,0.0,-330.0,-330.0,0.0,13.119768619537354,,,,,,,,,215.40877049678082,122.20734452875155,442.83740234375,3.5234289169311523,0.00025000000000000006,5.421010862427522e-20,0.00025,0.00025,435.3681,507.35364,2380.601,23.369253,-25794.266666666666,9077.05498251253,-4.0,-53673.0,5.5885092181944245,2.9866934282733437,9.987296665111154,-0.26136430956440915
22,89.0,0.0,0.0,2202.0,2202.0,15.0,1101.0,0.0,43.0,43.0,1.0,14.926939725875854,,,,,,,,,57.589188422475544,46.33425251770019,178.8648681640625,2.246952772140503,0.0002500000000000001,1.0842021724855044e-19,0.00025,0.00025,8614.334,7207.8604,26366.977,2271.3843,20402.733333333334,151637.9252779316,586659.0,-24028.0,9.627180145265156,0.9231699897050988,10.00000001163137,-2.669419246086547
23,164.0,0.0,0.0,2352.0,2352.0,75.0,1176.0,0.0,-320.0,-320.0,1.0,23.817518711090088,,,,,,,,,770.5442555917276,740.2681170777375,3979.40576171875,57.70820999145508,0.00025000000000000006,5.421010862427522e-20,0.00025,0.00025,49973.133,83334.19,475874.66,475.04816,-24598.066666666666,7073.235098281094,-4.0,-53673.0,6.351608227942997,5.98577248047791,10.000000082561709,-9.199878244406861
24,239.0,0.0,0.0,2502.0,2502.0,75.0,1251.0,0.0,-305.0,-305.0,1.0,32.642966747283936,,,,,,,,,168.66101971188107,63.77841353007398,328.4234313964844,76.74177551269531,0.00025000000000000006,5.421010862427522e-20,0.00025,0.00025,6720.086,4042.7915,19118.918,1684.8474,-23791.933333333334,5182.52955825842,-4.0,-53673.0,3.4346916809800376,4.897454935276101,9.941005986260823,-8.459057129830367
25,314.0,0.0,0.0,2652.0,2652.0,75.0,1326.0,0.0,-300.0,-300.0,0.0,41.573935747146606,,,,,,,,,151.53858903936438,73.66191186824774,425.56439208984375,30.61643409729004,0.00025000000000000006,5.421010862427522e-20,0.00025,0.00025,6977.9077,4743.3887,22972.613,868.28265,-23391.466666666667,3845.71299096655,-4.0,-24028.0,4.8101262189420595,4.631700431946703,9.99911089703513,-7.955258075513555
26,389.0,0.0,0.0,2802.0,2802.0,75.0,1401.0,0.0,-320.0,-320.0,1.0,50.35504674911499,,,,,,,,,133.04570267651533,71.14284178003751,333.14178466796875,29.127683639526367,0.00025000000000000006,5.421010862427522e-20,0.00025,0.00025,6847.933,5959.888,31562.057,1036.9381,-24993.333333333332,7819.299370716592,-4.0,-53673.0,7.073852145251068,3.7673527858806786,9.999801619044279,-6.185180156489414
27,464.0,0.0,0.0,2952.0,2952.0,75.0,1476.0,0.0,-305.0,-305.0,1.0,59.18048167228699,,,,,,,,,141.35634618192105,105.19471623329694,545.7662963867188,35.395660400390625,0.00025000000000000006,5.421010862427522e-20,0.00025,0.00025,11189.461,11238.829,65471.664,1026.0704,-23791.933333333334,5182.52955825842,-4.0,-53673.0,7.213949211078879,3.82070514568249,9.999996503035364,-8.257591927859623
28,539.0,0.0,0.0,3102.0,3102.0,75.0,1551.0,0.0,-300.0,-300.0,1.0,67.9989161491394,,,,,,,,,253.24457704698716,247.28796519748207,1122.3421630859375,34.65243148803711,0.00025000000000000006,5.421010862427522e-20,0.00025,0.00025,24839.105,39879.145,282859.25,2541.747,-23391.466666666667,3845.71299096655,-4.0,-24028.0,4.615860417020527,6.1869796948555615,10.000000000408914,-9.199987326339583
29,614.0,0.0,0.0,3252.0,3252.0,75.0,1626.0,0.0,-315.0,-315.0,0.0,76.8565526008606,,,,,,,,,21158.822789372625,20076.79183304858,93275.890625,266.1435241699219,0.00025000000000000006,5.421010862427522e-20,0.00025,0.00025,2116275.0,1891829.1,7420135.0,91222.75,-24592.866666666665,7073.512546268807,-4.0,-53673.0,-0.1767823544390543,7.514231730025987,10.000000002627429,-9.200000000009537
30,689.0,0.0,0.0,3402.0,3402.0,75.0,1701.0,0.0,-330.0,-330.0,0.0,85.70033431053162,,,,,,,,,29187.788244298987,21763.668663196302,127838.8984375,3622.21435546875,0.00025000000000000006,5.421010862427522e-20,0.00025,0.00025,2872593.8,1723142.2,8907903.0,531742.56,-25794.266666666666,9077.05498251253,-4.0,-53673.0,-2.880817929662533,7.221492550472114,10.00000001219369,-9.2
31,764.0,0.0,0.0,3552.0,3552.0,75.0,1776.0,0.0,-305.0,-305.0,1.0,95.14136362075806,-305.0,-305.0,0.0,,,,,,10469.416312552787,7998.0071808195935,42163.0546875,1746.2021484375,0.00025000000000000006,5.421010862427522e-20,0.00025,0.00025,1105008.4,831703.0,3696957.5,188091.23,-23791.933333333334,5182.52955825842,-4.0,-53673.0,3.843194108709833,8.03174734835874,10.00000025626581,-9.2
32,839.0,0.0,0.0,3702.0,3702.0,75.0,1851.0,0.0,-305.0,-305.0,1.0,104.16499876976013,,,,,,,,,1161.5855005625133,1631.1863513356273,8938.30859375,67.52304077148438,0.00025000000000000006,5.421010862427522e-20,0.00025,0.00025,133194.14,194810.77,828900.8,226.89862,-23791.933333333334,5182.52955825842,-4.0,-53673.0,4.135169806602697,5.647882350606025,10.000000060199731,-9.19999999999945
33,914.0,0.0,0.0,3852.0,3852.0,75.0,1926.0,0.0,-300.0,-300.0,0.0,113.29516363143921,,,,,,,,,89.56284548785236,22.161796120850862,131.47793579101562,38.64569854736328,0.00025000000000000006,5.421010862427522e-20,0.00025,0.00025,826.3409,563.41254,3706.7153,172.16292,-23391.466666666667,3845.71299096655,-4.0,-24028.0,7.452134680131021,1.9022344806612355,9.945681949254823,0.03991199675969259
34,989.0,0.0,0.0,4002.0,4002.0,75.0,2001.0,0.0,-300.0,-300.0,1.0,121.99773931503296,,,,,,,,,123.15203037777462,78.84513747065797,473.65765380859375,32.42903137207031,0.00025000000000000006,5.421010862427522e-20,0.00025,0.00025,7513.5303,9451.373,47310.27,414.16785,-23391.466666666667,3845.71299096655,-4.0,-24028.0,6.128272286518985,4.033558528725957,9.998756298625894,-8.518915270379292
35,1064.0,0.0,0.0,4152.0,4152.0,75.0,2076.0,0.0,-320.0,-320.0,0.0,130.7807629108429,,,,,,,,,148.14370701764082,99.66782613669803,520.84228515625,34.12375259399414,0.00025000000000000006,5.421010862427522e-20,0.00025,0.00025,13761.165,15261.706,91392.97,1057.0547,-24598.066666666666,7073.235098281094,-4.0,-53673.0,7.4245685030044015,4.356814872206206,9.99999824082986,-8.677225772367985
36,1076.0,0.0,0.0,4176.0,4176.0,12.0,2088.0,0.0,44.0,44.0,1.0,132.22525882720947,,,,,,,,,810.6019675514915,468.95487036831446,1631.0780029296875,227.71481323242188,0.00025000000000000006,5.421010862427522e-20,0.00025,0.00025,131568.44,68161.17,226679.44,20450.473,26004.0,168084.9248648829,580730.0,-53673.0,1.1074185313800922,6.816557658825211,9.999958743717961,-9.194691599160526
37,1151.0,0.0,0.0,4326.0,4326.0,75.0,2163.0,0.0,-340.0,-340.0,0.0,141.00984907150269,,,,,,,,,1943.952081422548,1595.9982620148244,8442.8408203125,122.72380065917969,0.00025000000000000006,5.421010862427522e-20,0.00025,0.00025,228308.3,187613.92,869338.94,53201.35,-26595.2,10117.38223323273,-4.0,-53673.0,-0.29723235070624077,8.672282703998862,10.000000311553118,-9.200000427969528
38,1153.0,0.0,0.0,4330.0,4330.0,2.0,2165.0,0.0,95.0,95.0,1.0,141.2844684123993,,,,,,,,,523.295654296875,0.0,523.295654296875,523.295654296875,0.00025,0.0,0.00025,0.00025,256505.73,0.0,256505.73,256505.73,3859.0,3760.0,7619.0,99.0,5.153597604041651,5.028658329085148,9.999993079311098,-3.9649155149846402
39,1228.0,0.0,0.0,4480.0,4480.0,75.0,2240.0,0.0,-355.0,-355.0,0.0,150.15177822113037,,,,,,,,,1514.0990146946262,1101.500415569068,4953.90625,228.91262817382812,0.00025000000000000006,5.421010862427522e-20,0.00025,0.00025,194325.9,131316.88,622638.3,28147.215,-27401.333333333332,10989.411472665655,-9.0,-53673.0,-1.1293332288461995,8.274159119107763,10.0,-9.200000458684723
40,1259.0,0.0,0.0,4542.0,4542.0,31.0,2271.0,0.0,-21.0,-21.0,0.0,153.85362195968628,,,,,,,,,1843.385274251302,1622.8703921215188,7473.07958984375,581.5857543945312,0.00025000000000000006,5.421010862427522e-20,0.00025,0.00025,237464.55,120327.445,535916.44,100487.89,-2529.2580645161293,107792.24097666822,586659.0,-24028.0,-5.686674807972691,6.989167017495514,10.0,-9.200000465453712
41,1334.0,0.0,0.0,4692.0,4692.0,75.0,2346.0,0.0,-340.0,-340.0,1.0,163.12893199920654,-97.0,-97.0,0.0,,,,,,3214.0411228489234,1814.7097997668213,10076.650390625,790.7867431640625,0.00025000000000000006,5.421010862427522e-20,0.00025,0.00025,376768.16,208211.16,1097155.2,132483.95,-26595.2,10117.38223323273,-4.0,-53673.0,-4.043833369368222,7.209897162748011,10.0,-9.200000227409978
42,1409.0,0.0,0.0,4842.0,4842.0,75.0,2421.0,0.0,-355.0,-355.0,0.0,172.34236240386963,,,,,,,,,2078.1513170809358,1208.955825487029,6272.4912109375,164.2260284423828,0.00025000000000000006,5.421010862427522e-20,0.00025,0.00025,304034.88,188349.84,819845.7,87491.0,-27796.6,11397.743817674327,-4.0,-53673.0,-5.681816620655018,5.940224663242576,10.0,-9.200000319406325
43,1484.0,0.0,0.0,4992.0,4992.0,75.0,2496.0,0.0,-300.0,-300.0,1.0,181.4258189201355,,,,,,,,,2610.01552684887,1843.3850699712984,13805.1044921875,317.79632568359375,0.00025000000000000006,5.421010862427522e-20,0.00025,0.00025,362865.34,247753.8,1431175.5,88751.05,-23391.466666666667,3845.71299096655,-4.0,-24028.0,-1.5884418957837345,8.703889616068855,10.0,-9.200000466335228
44,1517.0,0.0,0.0,5058.0,5058.0,33.0,2529.0,0.0,-29.0,-29.0,0.0,185.33087277412415,,,,,,,,,3117.8605003356934,1710.4350899262122,7535.7529296875,868.6145629882812,0.00025,0.0,0.00025,0.00025,346568.9,242706.14,1088015.6,79162.19,-3832.212121212121,104600.61876540942,586659.0,-24028.0,3.93927039943334,7.895106622812416,10.000000000000032,-9.199999809122776
45,1592.0,0.0,0.0,5208.0,5208.0,75.0,2604.0,0.0,-335.0,-335.0,0.0,194.15534496307373,,,,,,,,,710.2965279656488,526.7314792725158,2020.1077880859375,132.8478240966797,0.00025000000000000006,5.421010862427522e-20,0.00025,0.00025,103406.945,105351.65,577448.3,10973.646,-25799.466666666667,9076.150484037209,-4.0,-53673.0,2.019835037252038,7.454091723929398,10.000000046342759,-9.199999954055173
46,1667.0,0.0,0.0,5358.0,5358.0,75.0,2679.0,0.0,-325.0,-325.0,1.0,203.016357421875,,,,,,,,,606.0765327247414,724.0875168827788,4982.28564453125,76.27127838134766,0.00025000000000000006,5.421010862427522e-20,0.00025,0.00025,111870.55,103402.07,586737.8,7796.584,-25393.8,8481.011640914858,-4.0,-53673.0,1.018029806054706,7.401784778294635,10.0,-9.200000464150204
47,1742.0,0.0,0.0,5508.0,5508.0,75.0,2754.0,0.0,-310.0,-310.0,0.0,211.8317255973816,,,,,,,,,3915.0286320866767,2908.9169111474816,18302.85546875,335.24664306640625,0.00025000000000000006,5.421010862427522e-20,0.00025,0.00025,402941.72,246027.38,1190607.8,46450.906,-24192.4,6213.4507106223455,-4.0,-53673.0,-0.26788498901087265,8.168774731529382,10.0,-9.200000229110776
48,1752.0,0.0,0.0,5528.0,5528.0,10.0,2764.0,0.0,63.0,63.0,0.0,213.040913105011,,,,,,,,,1508.7703988817002,1152.7520634120458,3477.611083984375,54.168827056884766,0.00025,0.0,0.00025,0.00025,189020.64,72641.79,359582.53,109026.195,42618.1,181687.9826116466,586659.0,-24028.0,-8.98140989214961,1.0909177334188973,5.998689457433518,-9.200000322080744
49,1791.0,0.0,0.0,5606.0,5606.0,39.0,2803.0,0.0,-67.0,-67.0,1.0,217.5700080394745,,,,,,,,,1838.6980333830181,1774.775677386293,10752.0927734375,392.8382568359375,0.00025000000000000006,5.421010862427522e-20,0.00025,0.00025,256327.2,149505.67,657859.75,59759.875,-9095.615384615385,95319.45571753947,574801.0,-53673.0,2.65571410836891,8.220057818887277,10.000000087052083,-9.200000440386958
50,1830.0,0.0,0.0,5684.0,5684.0,39.0,2842.0,0.0,-63.0,-63.0,0.0,222.09434866905212,,,,,,,,,1525.708495290656,1015.3149359044255,4004.869873046875,379.36907958984375,0.00025000000000000006,5.421010862427522e-20,0.00025,0.00025,235981.23,127217.76,587127.1,45026.59,-8479.51282051282,96986.88023456809,586659.0,-53673.0,3.346593909348713,7.532231145377557,10.000000008626381,-9.200000014344104
51,1905.0,0.0,0.0,5834.0,5834.0,75.0,2917.0,0.0,-305.0,-305.0,1.0,231.57405495643616,-305.0,-305.0,0.0,,,,,,599.840214909734,450.98362335644055,1974.63671875,107.88227081298828,0.00025000000000000006,5.421010862427522e-20,0.00025,0.00025,99064.5,83324.59,295868.8,3602.9805,-23791.933333333334,5182.52955825842,-4.0,-53673.0,5.27291878660017,7.048431668718624,10.000000415222484,-9.199851061289664
52,1980.0,0.0,0.0,5984.0,5984.0,75.0,2992.0,0.0,-300.0,-300.0,1.0,240.46868562698364,,,,,,,,,144.91288870734138,54.016168181011686,297.37457275390625,34.951229095458984,0.00025000000000000006,5.421010862427522e-20,0.00025,0.00025,8476.751,6588.2974,32318.184,1100.347,-23391.466666666667,3845.71299096655,-4.0,-24028.0,5.836631864107,2.99299455042368,9.981145920256747,-4.361468204131958
53,2055.0,0.0,0.0,6134.0,6134.0,75.0,3067.0,0.0,-300.0,-300.0,1.0,249.29108953475952,,,,,,,,,153.93027501492887,122.97137063039298,731.0567626953125,34.62336730957031,0.00025000000000000006,5.421010862427522e-20,0.00025,0.00025,20510.502,17236.89,95922.74,1758.0264,-23391.466666666667,3845.71299096655,-4.0,-24028.0,7.210803240637383,3.927455051944568,9.998232441656118,-8.941705699512086
54,2130.0,0.0,0.0,6284.0,6284.0,75.0,3142.0,0.0,-300.0,-300.0,1.0,258.01299834251404,,,,,,,,,130.24649867495975,83.44926588453137,467.263427734375,36.170265197753906,0.00025000000000000006,5.421010862427522e-20,0.00025,0.00025,15644.049,15389.208,68105.65,1746.6525,-23391.466666666667,3845.71299096655,-4.0,-24028.0,6.630833585826587,3.8587982371676186,9.995534535511734,-5.449754626471807
55,2205.0,0.0,0.0,6434.0,6434.0,75.0,3217.0,0.0,-300.0,-300.0,0.0,267.0032045841217,,,,,,,,,120.27102759077742,49.68609557478099,353.1300048828125,53.38020706176758,0.00025000000000000006,5.421010862427522e-20,0.00025,0.00025,7204.354,6700.3306,32992.246,804.45087,-23391.466666666667,3845.71299096655,-4.0,-24028.0,6.875728420099271,2.4136098906812724,9.927005392076786,-2.0990544123492536
56,2280.0,0.0,0.0,6584.0,6584.0,75.0,3292.0,0.0,-315.0,-315.0,1.0,275.8151681423187,,,,,,,,,1629.8855125324146,1904.9271605227789,10741.61328125,8.632137298583984,0.00025000000000000006,5.421010862427522e-20,0.00025,0.00025,273625.7,361044.1,1963113.4,2909.8599,-24592.866666666665,7073.512546268807,-4.0,-53673.0,3.204169803020424,7.9832635393504985,10.000000007385527,-9.200000155217941
57,2355.0,0.0,0.0,6734.0,6734.0,75.0,3367.0,0.0,-315.0,-315.0,1.0,284.65137553215027,,,,,,,,,3661.5856191274283,2890.5444777053344,21491.44921875,524.8389892578125,0.00025000000000000006,5.421010862427522e-20,0.00025,0.00025,468793.62,447555.4,3221466.5,94518.24,-24592.866666666665,7073.512546268807,-4.0,-53673.0,2.5527103052627758,8.98654333290843,10.0,-9.20000020123807
58,2430.0,0.0,0.0,6884.0,6884.0,75.0,3442.0,0.0,-325.0,-325.0,1.0,293.5342710018158,,,,,,,,,588.112131685824,531.1906600998676,2988.132080078125,124.96083068847656,0.00025000000000000006,5.421010862427522e-20,0.00025,0.00025,118340.89,96688.55,424134.94,9404.089,-25393.8,8481.011640914858,-4.0,-53673.0,-0.01018518031975014,6.0322210888615055,9.99999999999889,-9.198373734577249
59,2505.0,0.0,0.0,7034.0,7034.0,75.0,3517.0,0.0,-305.0,-305.0,0.0,302.31780219078064,,,,,,,,,433.8962014688028,390.1016868075876,2245.021484375,69.6776351928711,0.00025000000000000006,5.421010862427522e-20,0.00025,0.00025,97087.98,78177.945,358477.8,11319.365,-23791.933333333334,5182.22447303172,-4.0,-53673.0,1.70077694307631,6.759970513079233,9.999999999967054,-9.140112877353973
60,2563.0,0.0,0.0,7150.0,7150.0,58.0,3575.0,0.0,-134.0,-134.0,0.0,309.1314823627472,,,,,,,,,2110.911181801244,1369.6536478893688,6409.359375,143.20323181152344,0.00025,0.0,0.00025,0.00025,356796.9,237422.64,1055419.8,83333.91,-13055.137931034482,79699.631836957,586659.0,-53673.0,4.10777090196334,7.106993265483365,10.0,-9.2
