Episode #,Training Iter,Epoch,In Heatup,ER #Transitions,ER #Episodes,Episode Length,Total steps,Epsilon,Shaped Training Reward,Training Reward,Update Target Network,Wall-Clock Time,Evaluation Reward,Shaped Evaluation Reward,Success Rate,Inverse Propensity Score,Direct Method Reward,Doubly Robust,Weighted Importance Sampling,Sequential Doubly Robust,Loss/Mean,Loss/Stdev,Loss/Max,Loss/Min,Learning Rate/Mean,Learning Rate/Stdev,Learning Rate/Max,Learning Rate/Min,Grads (unclipped)/Mean,Grads (unclipped)/Stdev,Grads (unclipped)/Max,Grads (unclipped)/Min,Discounted Return/Mean,Discounted Return/Stdev,Discounted Return/Max,Discounted Return/Min,Q/Mean,Q/Stdev,Q/Max,Q/Min
1,0.0,0.0,1.0,150.0,150.0,75.0,75.0,0.0,,,0.0,0.012273550033569336,,,,,,,,,,,,,,,,,,,,,-45814.013333333336,18843.877704615068,-4.0,-88609.0,,,,
2,0.0,0.0,1.0,184.0,184.0,17.0,92.0,0.0,,,0.0,0.13072490692138672,,,,,,,,,,,,,,,,,,,,,19195.823529411766,238764.0278562609,969899.0,-88609.0,,,,
3,0.0,0.0,1.0,334.0,334.0,75.0,167.0,0.0,,,0.0,0.40660786628723145,,,,,,,,,,,,,,,,,,,,,-47140.81333333333,20009.477767427004,-9.0,-88609.0,,,,
4,0.0,0.0,1.0,370.0,370.0,18.0,185.0,0.0,,,0.0,0.48871517181396484,,,,,,,,,,,,,,,,,,,,,13178.888888888889,233353.53469381767,969899.0,-88609.0,,,,
5,0.0,0.0,1.0,520.0,520.0,75.0,260.0,0.0,,,0.0,0.7451727390289307,,,,,,,,,,,,,,,,,,,,,-30500.466666666667,115290.90169796092,950297.0,-88609.0,,,,
6,0.0,0.0,1.0,670.0,670.0,75.0,335.0,0.0,,,0.0,1.0005733966827393,,,,,,,,,,,,,,,,,,,,,-44493.88,17484.244263496206,-4.0,-88609.0,,,,
7,0.0,0.0,1.0,820.0,820.0,75.0,410.0,0.0,,,0.0,1.2638869285583496,,,,,,,,,,,,,,,,,,,,,-45153.94666666666,18188.758896925567,-4.0,-88609.0,,,,
8,0.0,0.0,1.0,970.0,970.0,75.0,485.0,0.0,,,0.0,1.5241148471832275,,,,,,,,,,,,,,,,,,,,,-45814.013333333336,18843.877704615068,-4.0,-88609.0,,,,
9,0.0,0.0,1.0,976.0,976.0,3.0,488.0,0.0,,,0.0,1.55641508102417,,,,,,,,,,,,,,,,,,,,,326598.3333333333,454899.4933692008,969899.0,99.0,,,,
10,0.0,0.0,1.0,1126.0,1126.0,75.0,563.0,0.0,,,0.0,1.8308131694793701,,,,,,,,,,,,,,,,,,,,,-45814.013333333336,18843.877704615068,-4.0,-88609.0,,,,
11,0.0,0.0,1.0,1276.0,1276.0,75.0,638.0,0.0,,,0.0,2.086107015609741,,,,,,,,,,,,,,,,,,,,,-46474.08,19454.591429109994,-4.0,-88609.0,,,,
12,0.0,0.0,1.0,1426.0,1426.0,75.0,713.0,0.0,,,0.0,2.345304250717163,,,,,,,,,,,,,,,,,,,,,-45814.013333333336,18843.877704615068,-4.0,-88609.0,,,,
13,0.0,0.0,1.0,1440.0,1440.0,7.0,720.0,0.0,,,0.0,2.392037868499756,,,,,,,,,,,,,,,,,,,,,117339.85714285714,348608.14553938375,969899.0,-39604.0,,,,
14,0.0,0.0,1.0,1446.0,1446.0,3.0,723.0,0.0,,,0.0,2.4256105422973633,,,,,,,,,,,,,,,,,,,,,326598.3333333333,454899.4933692008,969899.0,99.0,,,,
15,0.0,0.0,1.0,1480.0,1480.0,17.0,740.0,0.0,,,0.0,2.5027740001678467,,,,,,,,,,,,,,,,,,,,,19195.823529411766,238764.0278562609,969899.0,-88609.0,,,,
16,0.0,0.0,1.0,1630.0,1630.0,75.0,815.0,0.0,,,0.0,2.759007215499878,,,,,,,,,,,,,,,,,,,,,-46474.08,19454.591429109994,-4.0,-88609.0,,,,
17,0.0,0.0,1.0,1648.0,1648.0,9.0,824.0,0.0,,,0.0,2.812506914138794,,,,,,,,,,,,,,,,,,,,,82463.44444444444,314290.90294754034,969899.0,-39604.0,,,,
18,0.0,0.0,1.0,1678.0,1678.0,15.0,839.0,0.0,,,0.0,2.884164571762085,,,,,,,,,,,,,,,,,,,,,23735.466666666667,254314.76280123592,969899.0,-88609.0,,,,
19,0.0,0.0,1.0,1716.0,1716.0,19.0,858.0,0.0,,,0.0,2.96864914894104,,,,,,,,,,,,,,,,,,,,,12458.947368421053,224395.5953136227,960098.0,-88609.0,,,,
20,0.0,0.0,1.0,1744.0,1744.0,14.0,872.0,0.0,,,0.0,3.037836790084839,,,,,,,,,,,,,,,,,,,,,38867.92857142857,258692.21701072392,969899.0,-39604.0,,,,
21,0.0,0.0,1.0,1780.0,1780.0,18.0,890.0,0.0,,,0.0,3.1284515857696533,,,,,,,,,,,,,,,,,,,,,13178.888888888889,233353.53469381767,969899.0,-88609.0,,,,
22,0.0,0.0,1.0,1930.0,1930.0,75.0,965.0,0.0,,,0.0,3.3969550132751465,,,,,,,,,,,,,,,,,,,,,-45820.68,18841.76609709398,-4.0,-88609.0,,,,
23,0.0,0.0,1.0,2080.0,2080.0,75.0,1040.0,0.0,,,1.0,3.6502883434295654,,,,,,,,,,,,,,,,,,,,,-46480.746666666666,19438.87796905527,-9.0,-88609.0,,,,
24,74.0,0.0,0.0,2230.0,2230.0,75.0,1115.0,0.0,-340.0,-340.0,1.0,13.192105770111084,,,,,,,,,225.2959051389952,103.15537243027411,440.37152099609375,52.7650146484375,0.00025000000000000006,5.421010862427522e-20,0.00025,0.00025,582.8572,1261.5658,9735.892,25.618643,-43833.81333333333,16724.092463025376,-4.0,-88609.0,5.408952615258847,2.606465489409898,9.454203675345344,-0.017778045684098687
25,116.0,0.0,0.0,2314.0,2314.0,42.0,1157.0,0.0,-95.0,-95.0,0.0,18.07133197784424,,,,,,,,,526.598038277975,723.6323027686395,3214.239013671875,48.355712890625,0.00025,0.0,0.00025,0.00025,53968.938,58207.664,202840.45,4825.2524,-20518.833333333332,156008.64397814884,969899.0,-88609.0,0.004019818707665414,5.433220494910609,10.000000000054909,-9.197637121291184
26,137.0,0.0,0.0,2356.0,2356.0,21.0,1178.0,0.0,14.0,14.0,0.0,20.506626844406128,,,,,,,,,2405.462319946289,1908.3764721223367,8466.837890625,640.6646118164062,0.00025000000000000006,5.421010862427522e-20,0.00025,0.00025,255666.78,196877.3,831479.7,80068.88,12686.809523809523,214441.95963512876,969899.0,-40099.0,4.237768785221358,5.401066679252243,10.0,-8.399999267693154
27,181.0,0.0,0.0,2444.0,2444.0,44.0,1222.0,0.0,-130.0,-130.0,0.0,25.553722858428955,,,,,,,,,16534.760134674783,11659.508430690646,62167.45703125,1511.17333984375,0.00025,0.0,0.00025,0.00025,1306025.2,621952.25,3140583.8,274821.38,-26348.204545454544,150769.78094501616,950297.0,-88609.0,-0.3128938010482251,7.654556537475484,10.000000499738523,-10.0
28,183.0,0.0,0.0,2448.0,2448.0,2.0,1224.0,0.0,95.0,95.0,0.0,25.807345151901245,,,,,,,,,3459.376953125,0.0,3459.376953125,3459.376953125,0.00025,0.0,0.00025,0.00025,409398.16,0.0,409398.16,409398.16,4948.0,4849.0,9797.0,99.0,-3.2529411764202782,5.251511562372283,7.199999839948987,-8.8
29,190.0,0.0,0.0,2462.0,2462.0,7.0,1231.0,0.0,71.0,71.0,1.0,26.639400720596313,,,,,,,,,20393.3486328125,3683.008170788984,24999.83203125,14536.65234375,0.00025,0.0,0.00025,0.00025,1085104.6,404917.53,1898937.2,695384.6,118682.85714285714,340002.1774003508,950297.0,-40099.0,-1.990084678015466,4.563784702119496,7.199999809265137,-9.2
30,265.0,0.0,0.0,2612.0,2612.0,75.0,1306.0,0.0,-360.0,-360.0,0.0,35.243462562561035,,,,,,,,,8409.898320378485,8565.978714486237,59994.4296875,1109.6466064453125,0.00025000000000000006,5.421010862427522e-20,0.00025,0.00025,520839.9,430826.22,2696732.8,107624.414,-45820.68,18841.766097093976,-4.0,-88609.0,-1.422071391873906,6.654550331368017,10.0,-9.200000269922588
31,275.0,0.0,0.0,2632.0,2632.0,10.0,1316.0,0.0,56.0,56.0,1.0,36.41470003128052,,,,,,,,,2903.940902709961,3320.221005822284,12014.25390625,150.54942321777344,0.00025,0.0,0.00025,0.00025,215294.2,108379.03,440091.78,77114.164,63326.0,296708.102431666,950297.0,-88609.0,3.8358546251300694,6.826260853868977,10.000000089827031,-8.939184075976414
32,350.0,0.0,0.0,2782.0,2782.0,75.0,1391.0,0.0,-355.0,-355.0,0.0,44.984736919403076,,,,,,,,,1215.5050036456134,768.74887820686,4167.49169921875,187.50802612304688,0.00025000000000000006,5.421010862427522e-20,0.00025,0.00025,101803.81,46895.227,239895.31,30934.457,-45814.013333333336,18843.877704615068,-4.0,-88609.0,-1.786986550913697,5.827464563038337,10.000000001308733,-9.200000469149176
33,360.0,0.0,0.0,2800.0,2800.0,5.0,1400.0,0.0,,,0.0,46.23738884925842,,,,,,,,,,,,,,,,,,,,,,,,,-2.095841507920583,6.233515566993482,9.978637871255371,-9.199999809265204
34,434.0,0.0,0.0,2950.0,2950.0,75.0,1475.0,0.0,-370.0,-370.0,1.0,55.05600142478943,76.0,76.0,0.0,,,,,,629.5727497822529,367.8489026172236,2265.937255859375,62.565887451171875,0.00025000000000000006,5.421010862427522e-20,0.00025,0.00025,62042.723,28238.389,133151.94,15945.113,-47140.81333333333,20022.53663563025,-4.0,-88609.0,-2.6205841733823756,6.084623661572047,9.999999978061844,-9.200000394785844
35,447.0,0.0,0.0,2976.0,2976.0,13.0,1488.0,0.0,34.0,34.0,0.0,56.595438718795776,,,,,,,,,515.4384981791178,425.43734375622,1570.80029296875,130.8948211669922,0.00025000000000000006,5.421010862427522e-20,0.00025,0.00025,56845.582,24480.611,92010.62,21635.32,31956.76923076923,266679.58758207713,950297.0,-88609.0,-3.4342154772645106,5.704332658443807,9.992289424369545,-9.19733724704501
36,522.0,0.0,0.0,3126.0,3126.0,75.0,1563.0,0.0,-375.0,-375.0,0.0,65.34691762924194,,,,,,,,,812.8475073737067,529.3284616339764,3160.378173828125,88.992431640625,0.00025000000000000006,5.421010862427522e-20,0.00025,0.00025,85105.734,42026.332,176662.61,20367.996,-48454.28,21057.441596775236,-4.0,-88609.0,-2.58844764187546,5.97094106088659,9.999999993754265,-9.200000001942362
37,535.0,0.0,0.0,3152.0,3152.0,13.0,1576.0,0.0,41.0,41.0,1.0,66.8775942325592,,,,,,,,,631.561897277832,392.4368814066546,1761.06005859375,309.1595458984375,0.00025000000000000006,5.421010862427522e-20,0.00025,0.00025,68005.336,29688.68,108724.44,27302.178,37288.07692307692,270477.5655068874,969899.0,-88609.0,5.869099916140102,6.3851117770278805,9.999999999989832,-9.1940404590689
38,610.0,0.0,0.0,3302.0,3302.0,75.0,1651.0,0.0,-365.0,-365.0,0.0,75.59813952445984,,,,,,,,,530.8433930680559,332.2005230722812,1627.021484375,109.68685913085938,0.00025000000000000006,5.421010862427522e-20,0.00025,0.00025,59238.13,35897.223,162412.56,8973.106,-46480.746666666666,19452.31990009989,-4.0,-88609.0,3.243743472500034,6.739287132895997,10.000000034751544,-9.199552766790253
39,636.0,0.0,0.0,3354.0,3354.0,26.0,1677.0,0.0,-26.0,-26.0,1.0,78.63484978675842,,,,,,,,,384.89222625732424,285.7335644406574,1229.446533203125,46.752464294433594,0.00025,0.0,0.00025,0.00025,37399.957,27763.09,136305.97,2597.5398,-4985.2692307692305,196269.08626905322,969899.0,-88609.0,7.2931497933984115,5.270799988632718,9.99999999990888,-9.165334497968756
40,711.0,0.0,0.0,3504.0,3504.0,75.0,1752.0,0.0,-360.0,-360.0,0.0,87.3534107208252,,,,,,,,,256.1119575500488,160.83838491147569,872.6051025390625,44.83363342285156,0.00025000000000000006,5.421010862427522e-20,0.00025,0.00025,21085.527,13633.142,56742.074,2674.752,-45820.68,18827.888273983357,-9.0,-88609.0,2.6467005137465955,6.321346764969447,9.999994300410856,-9.190941893942462
41,717.0,0.0,0.0,3516.0,3516.0,6.0,1758.0,0.0,79.0,79.0,0.0,88.08470058441162,,,,,,,,,195.52127990722656,128.36291748670365,443.60394287109375,94.18357849121094,0.00025,0.0,0.00025,0.00025,12737.244,6307.332,20354.354,1210.8019,143497.16666666666,370125.4000585102,969899.0,-39604.0,6.394953973216942,3.803435190367768,9.90400217656355,-7.07513677025417
42,726.0,0.0,0.0,3534.0,3534.0,9.0,1767.0,0.0,67.0,67.0,0.0,89.15218710899353,,,,,,,,,197.8466968536377,45.325396773596324,278.818603515625,128.12664794921875,0.00025,0.0,0.00025,0.00025,14795.473,6002.714,24314.184,6142.0205,82463.44444444444,314290.90294754034,969899.0,-39604.0,3.848131398734237,5.603962640695596,9.976266043923543,-8.504665601565383
43,729.0,0.0,0.0,3538.0,3538.0,75.0,1769.0,0.0,,,0.0,90.13188982009888,,,,,,,,,,,,,,,,,,,,,,,,,3.067135453166989,5.68444361990803,9.963623195715961,-9.171182223367378
44,747.0,0.0,0.0,3576.0,3576.0,19.0,1788.0,0.0,22.0,22.0,1.0,92.27199578285217,-355.0,-355.0,0.0,,,,,,284.6158625284831,158.88405477240093,587.0753173828125,72.86656188964844,0.00025,0.0,0.00025,0.00025,23584.965,13281.755,50330.605,4372.934,15611.894736842105,225667.16566121858,969899.0,-88609.0,0.020207333144753314,6.796211545495937,9.965723982646008,-9.140276806167659
45,822.0,0.0,0.0,3726.0,3726.0,75.0,1863.0,0.0,-320.0,-320.0,0.0,101.16271495819092,,,,,,,,,226.1006974142951,149.81707945724983,887.149169921875,21.278779983520508,0.00025000000000000006,5.421010862427522e-20,0.00025,0.00025,26444.27,19527.893,89741.91,2591.989,-41193.54666666667,12921.5863425441,-4.0,-88609.0,1.0226408789193944,6.544401704761649,9.998572244783832,-8.808776835381414
46,829.0,0.0,0.0,3740.0,3740.0,7.0,1870.0,0.0,75.0,75.0,0.0,102.03521466255188,,,,,,,,,455.3235562642415,219.94397482208436,702.048583984375,121.70755767822266,0.00025,0.0,0.00025,0.00025,97656.664,34575.566,142091.5,34504.652,117339.85714285714,348608.14553938375,969899.0,-39604.0,6.36767899647255,4.5253535910802665,9.999597391191998,-3.9682302779469567
47,831.0,0.0,0.0,3744.0,3744.0,2.0,1872.0,0.0,95.0,95.0,0.0,102.29392194747925,,,,,,,,,62.39474868774414,0.0,62.39474868774414,62.39474868774414,0.00025,0.0,0.00025,0.00025,4676.4897,0.0,4676.4897,4676.4897,4948.0,4849.0,9797.0,99.0,9.999987109013674,2.5835695964218455e-05,9.999999923304685,9.999762999867007
48,888.0,0.0,0.0,3858.0,3858.0,57.0,1929.0,0.0,-190.0,-190.0,1.0,109.69934415817261,,,,,,,,,426.7709529059274,267.50630895594367,1333.919921875,100.84549713134766,0.00025,0.0,0.00025,0.00025,35597.695,26366.227,121184.05,5158.263,-30761.070175438595,135561.01155838254,969899.0,-88609.0,4.501341291602251,6.554180214849326,10.000000055219187,-9.19984764984359
49,936.0,0.0,0.0,3954.0,3954.0,48.0,1977.0,0.0,-119.0,-119.0,0.0,115.36823010444641,,,,,,,,,788.901303230448,1184.868119459889,6287.05810546875,38.13737487792969,0.00025000000000000006,5.421010862427522e-20,0.00025,0.00025,75707.44,83189.01,366086.3,5143.855,-22904.479166666668,146069.158324774,969899.0,-88609.0,-3.313303478684158,3.974147912123508,9.997281639148646,-8.799940266962537
50,984.0,0.0,0.0,4050.0,4050.0,48.0,2025.0,0.0,-129.0,-129.0,0.0,120.9990906715393,,,,,,,,,4898.743901678857,4021.5921867284546,17282.123046875,419.23492431640625,0.00025000000000000006,5.421010862427522e-20,0.00025,0.00025,464024.72,372750.16,1564803.1,31797.455,-23946.25,146355.55721363128,969899.0,-88609.0,-1.954797851150282,5.7968944258774,10.0,-9.199999912813164
51,1039.0,0.0,0.0,4160.0,4160.0,55.0,2080.0,0.0,-137.0,-137.0,0.0,127.29150652885437,,,,,,,,,17901.545319733796,12173.566017715639,44626.5703125,1734.46435546875,0.00025,0.0,0.00025,0.00025,1498619.5,1269432.0,5808576.0,265245.1,-23229.69090909091,136046.35202203866,969899.0,-88609.0,-2.781641298164127,5.208024166469758,10.0,-10.0
52,1042.0,0.0,0.0,4166.0,4166.0,3.0,2083.0,0.0,91.0,91.0,0.0,127.65165066719055,,,,,,,,,30225.68359375,1188.783203125,31414.466796875,29036.900390625,0.00025,0.0,0.00025,0.00025,3649164.5,27899.5,3677064.0,3621265.0,326598.3333333333,454899.4933692008,969899.0,99.0,-2.626611405692653,1.1782024550724066,-2.3999999999999995,-9.199999951120525
53,1082.0,0.0,0.0,4244.0,4244.0,75.0,2122.0,0.0,,,0.0,132.9489688873291,,,,,,,,,,,,,,,,,,,,,,,,,4.884609707991812,7.913452553117319,10.000000000702308,-9.199999809267483
54,1084.0,0.0,0.0,4250.0,4250.0,3.0,2125.0,0.0,91.0,91.0,1.0,133.25719285011292,-375.0,-375.0,0.0,,,,,,4375.855224609375,1070.171630859375,5446.02685546875,3305.68359375,0.00025,0.0,0.00025,0.00025,415188.8,155497.75,570686.56,259691.06,326598.3333333333,454899.4933692008,969899.0,99.0,6.830348969442445,6.724259065175134,10.0,-9.199999999996365
55,1159.0,0.0,0.0,4400.0,4400.0,75.0,2200.0,0.0,-400.0,-400.0,0.0,142.39604473114014,,,,,,,,,3378.0823442613755,2335.3265646550476,11351.37109375,452.8693542480469,0.00025000000000000006,5.421010862427522e-20,0.00025,0.00025,393588.16,257030.6,1274680.5,46125.098,-51101.21333333333,22740.61668720725,-9.0,-88609.0,0.44101230379573747,8.592864348227106,10.0,-9.200000520440968
56,1234.0,0.0,0.0,4550.0,4550.0,75.0,2275.0,0.0,-405.0,-405.0,0.0,152.1015920639038,,,,,,,,,614.8326096405854,592.8024455502773,2962.24169921875,63.01768493652344,0.00025000000000000006,5.421010862427522e-20,0.00025,0.00025,75428.91,90295.58,391538.2,4194.2363,-51761.28,23109.79845610082,-4.0,-88609.0,2.0257030175124187,6.560135151440428,9.999999999999998,-8.800000249636804
57,1236.0,0.0,0.0,4554.0,4554.0,2.0,2277.0,0.0,95.0,95.0,1.0,152.36392784118652,,,,,,,,,227.14813232421875,0.0,227.14813232421875,227.14813232421875,0.00025,0.0,0.00025,0.00025,6858.7886,0.0,6858.7886,6858.7886,4948.0,4849.0,9797.0,99.0,4.235044110919415,2.958982401325709,9.938387085308474,-0.26236933446182675
58,1311.0,0.0,0.0,4704.0,4704.0,75.0,2352.0,0.0,-395.0,-395.0,0.0,161.32713055610657,,,,,,,,,171.36342888909417,70.64028512047618,297.8916015625,48.84375,0.00025000000000000006,5.421010862427522e-20,0.00025,0.00025,3932.1343,3705.6626,26447.111,586.1802,-50441.14666666667,22369.1182736041,-4.0,-88609.0,5.088521700929517,3.3567882309246855,9.949919584406588,-5.915645304792882
59,1386.0,0.0,0.0,4854.0,4854.0,75.0,2427.0,0.0,-350.0,-350.0,1.0,170.30791068077087,,,,,,,,,96.54364993121173,50.998151166836024,258.40673828125,34.94794464111328,0.00025000000000000006,5.421010862427522e-20,0.00025,0.00025,4875.9478,4281.3887,20038.191,638.57355,-45153.94666666666,18188.61520321129,-4.0,-88609.0,8.01214725018497,2.040656814621507,9.984695017700941,-2.862948750355362
60,1461.0,0.0,0.0,5004.0,5004.0,75.0,2502.0,0.0,-365.0,-365.0,0.0,179.2675802707672,,,,,,,,,376.33736074292983,488.6713027665935,2654.721435546875,47.16411209106445,0.00025000000000000006,5.421010862427522e-20,0.00025,0.00025,67337.2,117726.87,625034.56,2030.9016,-47134.14666666667,20024.96323072335,-4.0,-88609.0,4.240437929601543,6.604721855638859,9.99999999999998,-9.188408448930467
61,1536.0,0.0,0.0,5154.0,5154.0,75.0,2577.0,0.0,-370.0,-370.0,1.0,187.97190141677856,,,,,,,,,6263.107977428952,4164.160335725176,21422.1875,43.70077896118164,0.00025000000000000006,5.421010862427522e-20,0.00025,0.00025,682309.8,459773.2,2146381.5,77996.6,-47794.21333333333,20558.223996764784,-4.0,-88609.0,-0.315206562032471,8.29776620306219,10.000000000000002,-9.200000237004868
62,1611.0,0.0,0.0,5304.0,5304.0,75.0,2652.0,0.0,-365.0,-365.0,0.0,196.64226126670837,,,,,,,,,3828.955883129223,1914.850597699149,12015.5546875,962.7554931640625,0.00025000000000000006,5.421010862427522e-20,0.00025,0.00025,500726.0,318887.94,1396091.4,139618.83,-46480.746666666666,19452.185540340248,-4.0,-88609.0,-6.701535646691644,4.946361583183981,10.0,-9.200000495472914
63,1681.0,0.0,0.0,5442.0,5442.0,75.0,2721.0,0.0,,,0.0,205.25126886367798,,,,,,,,,,,,,,,,,,,,,,,,,0.4676442269360006,6.839519407691998,10.0,-8.819095834085541
64,1755.0,0.0,0.0,5592.0,5592.0,75.0,2796.0,0.0,-375.0,-375.0,1.0,213.88488745689392,-390.0,-390.0,0.0,,,,,,2082.4994820259712,1500.7877305588142,6674.21484375,369.7463073730469,0.00025000000000000006,5.421010862427522e-20,0.00025,0.00025,296003.25,200707.89,846414.56,53586.254,-48454.28,21057.441596775236,-4.0,-88609.0,-2.63109002839076,8.089177361056061,10.0,-9.200000457245704
65,1830.0,0.0,0.0,5742.0,5742.0,75.0,2871.0,0.0,-385.0,-385.0,0.0,222.59155893325806,,,,,,,,,2342.865048382733,2015.894461767082,11518.935546875,232.96908569335938,0.00025000000000000006,5.421010862427522e-20,0.00025,0.00025,378494.6,214094.7,1025822.94,85171.195,-49774.41333333333,21962.51952704476,-4.0,-88609.0,-4.071134706945652,7.048900876674069,10.0,-9.200000255441957
66,1905.0,0.0,0.0,5892.0,5892.0,75.0,2946.0,0.0,-370.0,-370.0,0.0,231.2929036617279,,,,,,,,,2192.0391359071473,1100.5438315836318,6787.810546875,758.7435302734375,0.00025000000000000006,5.421010862427522e-20,0.00025,0.00025,368321.75,249430.11,1194822.8,99859.15,-47140.81333333333,20022.53663563025,-4.0,-88609.0,-4.711598150458903,6.767656083212668,10.000000000000751,-9.200000437283096
67,1927.0,0.0,0.0,5936.0,5936.0,22.0,2968.0,0.0,-5.0,-5.0,0.0,233.86806058883667,,,,,,,,,3263.591866629464,1515.2419132990522,7004.6884765625,1514.342041015625,0.00025000000000000006,5.421010862427522e-20,0.00025,0.00025,573235.94,245056.67,1123514.6,163961.48,1331.7727272727273,212758.27187913,969899.0,-88609.0,0.10235661446793536,8.69761625517799,10.0,-9.20000000467992
68,1945.0,0.0,0.0,5972.0,5972.0,18.0,2986.0,0.0,16.0,16.0,0.0,235.9782145023346,,,,,,,,,4177.774852079504,1765.9924021336553,8311.8720703125,1404.3572998046875,0.00025,0.0,0.00025,0.00025,502757.6,363579.78,1315516.2,62492.25,13178.888888888889,233353.53469381767,969899.0,-88609.0,-2.981806403059386,8.505344931712607,10.0,-8.800000201865831
69,1948.0,0.0,0.0,5978.0,5978.0,3.0,2989.0,0.0,91.0,91.0,0.0,236.35495901107788,,,,,,,,,2210.305419921875,109.1953125,2319.500732421875,2101.110107421875,0.00025,0.0,0.00025,0.00025,470293.28,50855.625,521148.9,419437.66,326598.3333333333,454899.4933692008,969899.0,99.0,1.9218671086027457,8.232044231843993,10.0,-8.800000190734863
70,1960.0,0.0,0.0,6002.0,6002.0,12.0,3001.0,0.0,44.0,44.0,0.0,237.81106996536255,,,,,,,,,4241.762295809659,1288.4304063979648,6283.7099609375,2399.795654296875,0.00025000000000000006,5.421010862427522e-20,0.00025,0.00025,700138.94,369926.8,1381128.0,133036.25,42870.666666666664,277877.31814307714,960098.0,-88609.0,4.676242185731764,7.541436374974721,10.0,-9.20000000942667
71,1962.0,0.0,0.0,6006.0,6006.0,2.0,3003.0,0.0,95.0,95.0,1.0,238.08568596839905,,,,,,,,,6546.5869140625,0.0,6546.5869140625,6546.5869140625,0.00025,0.0,0.00025,0.00025,1199701.5,0.0,1199701.5,1199701.5,4948.0,4849.0,9797.0,99.0,-6.4598118136356275,2.948822615154386,9.921447832137313,-9.200000027969589
72,2037.0,0.0,0.0,6156.0,6156.0,75.0,3078.0,0.0,-390.0,-390.0,0.0,247.06786942481995,,,,,,,,,2169.644208753431,1736.2645232604114,12030.298828125,542.3436889648438,0.00025000000000000006,5.421010862427522e-20,0.00025,0.00025,362866.94,255923.9,1150103.5,77656.98,-50434.48,22372.273819386355,-4.0,-88609.0,-3.44425421461303,7.4292171116807255,10.00000000003345,-9.200000494868458
73,2048.0,0.0,0.0,6176.0,6176.0,2.0,3088.0,0.0,,,0.0,248.4751648902893,,,,,,,,,,,,,,,,,,,,,,,,,-2.7095425038495846,5.634309600526876,9.999999999524688,-9.179250444803634
74,2122.0,0.0,0.0,6326.0,6326.0,75.0,3163.0,0.0,-370.0,-370.0,1.0,257.3249862194061,95.0,95.0,0.0,,,,,,2745.480365650074,1946.0111259708387,13870.3779296875,667.1439819335938,0.00025000000000000006,5.421010862427522e-20,0.00025,0.00025,418529.8,275105.6,1405554.0,138685.7,-47140.81333333333,20009.477767427004,-9.0,-88609.0,-3.8211169086966397,6.924841909292962,10.0,-9.200000471745271
75,2137.0,0.0,0.0,6356.0,6356.0,15.0,3178.0,0.0,34.0,34.0,0.0,259.07511019706726,,,,,,,,,3019.324872698103,1813.887377643384,7011.3056640625,1213.0042724609375,0.0002500000000000001,1.0842021724855044e-19,0.00025,0.00025,533939.94,256857.66,977939.0,231455.53,27695.866666666665,247851.78538362173,950297.0,-88609.0,-2.537914028093281,5.451767701275453,10.0,-9.199995981202987
76,2212.0,0.0,0.0,6506.0,6506.0,75.0,3253.0,0.0,-350.0,-350.0,0.0,267.73308300971985,,,,,,,,,2184.2511213147964,1499.117156224371,9289.708984375,359.5162353515625,0.00025000000000000006,5.421010862427522e-20,0.00025,0.00025,282621.3,207069.42,1019587.9,33957.883,-44500.54666666667,17482.47184909757,-4.0,-88609.0,-5.0827693092885005,5.042504814526767,10.0,-9.200000240386021
77,2287.0,0.0,0.0,6656.0,6656.0,75.0,3328.0,0.0,-355.0,-355.0,1.0,276.4100887775421,,,,,,,,,1382.8289219624287,1268.4144198877725,7301.52734375,147.68040466308594,0.00025000000000000006,5.421010862427522e-20,0.00025,0.00025,215335.16,139433.7,630140.8,49732.312,-45160.613333333335,18186.813184571092,-4.0,-88609.0,1.2521538552390798,7.066938402667182,10.000000006901633,-9.200000046559369
78,2320.0,0.0,0.0,6722.0,6722.0,33.0,3361.0,0.0,-29.0,-29.0,0.0,280.27435970306396,,,,,,,,,583.2973499298096,301.9503733902583,1505.268798828125,211.0133056640625,0.00025,0.0,0.00025,0.00025,110444.75,76332.65,339091.7,26189.77,-6312.878787878788,172902.07731523848,969899.0,-39604.0,-1.872729532232547,7.481434104853751,9.999991313578517,-9.199999795959746
79,2325.0,0.0,0.0,6732.0,6732.0,5.0,3366.0,0.0,83.0,83.0,0.0,280.8739182949066,,,,,,,,,498.4788818359375,258.5261288275522,916.501953125,211.6126708984375,0.00025,0.0,0.00025,0.00025,109832.92,41094.688,163050.89,47892.27,180117.4,395405.01411317487,969899.0,-39604.0,2.2785372740243695,8.09268366555123,9.999901956641652,-9.199999989811454
80,2335.0,0.0,0.0,6752.0,6752.0,10.0,3376.0,0.0,63.0,63.0,0.0,282.05926990509033,,,,,,,,,630.7136400010851,222.80820113373466,1042.33056640625,214.37326049804688,0.00025,0.0,0.00025,0.00025,167952.17,71847.75,306951.88,37004.36,70256.7,300402.9560397334,969899.0,-39604.0,-3.523364865642868,6.401760674329087,9.998524669133412,-9.200000039764726
81,2363.0,0.0,0.0,6808.0,6808.0,28.0,3404.0,0.0,-19.0,-19.0,1.0,285.4353165626526,,,,,,,,,1149.6770652488426,570.8662942010507,2569.5498046875,422.65911865234375,0.00025,0.0,0.00025,0.00025,232185.03,146507.97,563237.9,75497.95,-3904.1071428571427,188246.7091695552,969899.0,-88609.0,-3.462823108389967,5.904409997234408,9.999999981048076,-9.200000336227223
82,2438.0,0.0,0.0,6958.0,6958.0,75.0,3479.0,0.0,-370.0,-370.0,0.0,294.258239030838,,,,,,,,,3614.2303161621094,2344.970881215899,11112.1923828125,419.65899658203125,0.00025000000000000006,5.421010862427522e-20,0.00025,0.00025,500565.47,321185.88,1841640.8,132087.92,-47794.21333333333,20545.632827955327,-9.0,-88609.0,-3.403427451750612,6.310532549899153,10.0,-9.20000048913761
83,2441.0,0.0,0.0,6962.0,6962.0,75.0,3481.0,0.0,,,0.0,295.2175257205963,,,,,,,,,,,,,,,,,,,,,,,,,-3.6191313808521173,3.055798157711305,5.599999904566852,-9.199999850591919
84,2515.0,0.0,0.0,7112.0,7112.0,75.0,3556.0,0.0,-365.0,-365.0,1.0,303.8159747123718,-360.0,-360.0,0.0,,,,,,3548.466648823506,4871.072919392088,30519.1484375,307.78253173828125,0.00025000000000000006,5.421010862427522e-20,0.00025,0.00025,437910.9,310664.9,1603989.2,54808.582,-47134.14666666667,20024.963230723355,-4.0,-88609.0,-4.37812425932092,5.6263417354609935,10.0,-9.2000004214485
85,2517.0,0.0,0.0,7116.0,7116.0,2.0,3558.0,0.0,95.0,95.0,0.0,304.08549642562866,,,,,,,,,129.6091766357422,0.0,129.6091766357422,129.6091766357422,0.00025,0.0,0.00025,0.00025,161341.6,0.0,161341.6,161341.6,4948.0,4849.0,9797.0,99.0,-9.032561768046799,1.145468827800292,1.0652176561799866,-9.20000007178631
86,2532.0,0.0,0.0,7146.0,7146.0,15.0,3573.0,0.0,28.0,28.0,0.0,305.853280544281,,,,,,,,,1179.7372589111328,641.1265443670429,2465.843994140625,188.20828247070312,0.0002500000000000001,1.0842021724855044e-19,0.00025,0.00025,238178.08,154523.08,467154.06,49216.703,27002.466666666667,253162.7260863038,969899.0,-88609.0,-2.8456484740021932,7.873222197030465,9.999999999995657,-9.199999999999626
87,2551.0,0.0,0.0,7184.0,7184.0,19.0,3592.0,0.0,0.0,0.0,0.0,308.0727367401123,,,,,,,,,1615.8297390407986,1384.5606804354295,5737.9326171875,521.2299194335938,0.00025,0.0,0.00025,0.00025,277595.9,182848.86,694607.6,53901.316,6726.789473684211,223927.1475454694,950297.0,-88609.0,-0.3228534770927188,8.47173269063883,9.999999999999934,-9.200000046261122
88,2553.0,0.0,0.0,7188.0,7188.0,2.0,3594.0,0.0,95.0,95.0,1.0,308.3343470096588,,,,,,,,,547.1198120117188,0.0,547.1198120117188,547.1198120117188,0.00025,0.0,0.00025,0.00025,240998.27,0.0,240998.27,240998.27,4948.0,4849.0,9797.0,99.0,0.2728491739535459,6.055832099611825,9.999999999993278,-8.777599142645508
89,2628.0,0.0,0.0,7338.0,7338.0,75.0,3669.0,0.0,-390.0,-390.0,1.0,317.0438380241394,,,,,,,,,1062.6421366511165,841.608170330593,4934.37109375,193.49072265625,0.00025000000000000006,5.421010862427522e-20,0.00025,0.00025,152076.8,131803.48,583306.0,18465.951,-49781.08,21959.624508483746,-4.0,-88609.0,-3.2979772134977514,4.903115887953076,9.999999999983062,-9.199607551727084
90,2703.0,0.0,0.0,7488.0,7488.0,75.0,3744.0,0.0,-375.0,-375.0,0.0,326.0455222129822,,,,,,,,,864.801555478895,588.2078391016345,2504.29443359375,47.045162200927734,0.00025000000000000006,5.421010862427522e-20,0.00025,0.00025,180176.16,135721.31,618501.8,25284.46,-47800.88,20543.053530222813,-9.0,-88609.0,-4.589409846765098,5.901631719265879,9.999998627779409,-9.200000368480188
