Episode #,Training Iter,Epoch,In Heatup,ER #Transitions,ER #Episodes,Episode Length,Total steps,Epsilon,Shaped Training Reward,Training Reward,Update Target Network,Wall-Clock Time,Evaluation Reward,Shaped Evaluation Reward,Success Rate,Inverse Propensity Score,Direct Method Reward,Doubly Robust,Weighted Importance Sampling,Sequential Doubly Robust,Loss/Mean,Loss/Stdev,Loss/Max,Loss/Min,Learning Rate/Mean,Learning Rate/Stdev,Learning Rate/Max,Learning Rate/Min,Grads (unclipped)/Mean,Grads (unclipped)/Stdev,Grads (unclipped)/Max,Grads (unclipped)/Min,Discounted Return/Mean,Discounted Return/Stdev,Discounted Return/Max,Discounted Return/Min,Q/Mean,Q/Stdev,Q/Max,Q/Min
1,0.0,0.0,1.0,6.0,6.0,3.0,3.0,0.0,,,0.0,0.06746912002563477,,,,,,,,,,,,,,,,,,,,,37012.333333333336,49982.74415124572,107675.0,99.0,,,,
2,0.0,0.0,1.0,156.0,156.0,75.0,78.0,0.0,,,0.0,1.2258353233337402,,,,,,,,,,,,,,,,,,,,,-5047.88,1942.5727336704797,-4.0,-9937.0,,,,
3,0.0,0.0,1.0,306.0,306.0,75.0,153.0,0.0,,,0.0,2.5388991832733154,,,,,,,,,,,,,,,,,,,,,-5197.613333333334,2091.899110972823,-4.0,-9937.0,,,,
4,0.0,0.0,1.0,348.0,348.0,21.0,174.0,0.0,,,0.0,2.984316110610962,,,,,,,,,,,,,,,,,,,,,626.952380952381,24104.365468038774,107675.0,-9937.0,,,,
5,0.0,0.0,1.0,394.0,394.0,23.0,197.0,0.0,,,0.0,3.3912107944488525,,,,,,,,,,,,,,,,,,,,,726.304347826087,22443.586773401406,105497.0,-9937.0,,,,
6,0.0,0.0,1.0,404.0,404.0,5.0,202.0,0.0,,,0.0,3.551971197128296,,,,,,,,,,,,,,,,,,,,,20410.6,43730.89471117644,107675.0,-4492.0,,,,
7,0.0,0.0,1.0,554.0,554.0,75.0,277.0,0.0,,,0.0,4.540338754653931,,,,,,,,,,,,,,,,,,,,,-5197.613333333334,2087.169636251181,-9.0,-9937.0,,,,
8,0.0,0.0,1.0,578.0,578.0,12.0,289.0,0.0,,,0.0,4.749678373336792,,,,,,,,,,,,,,,,,,,,,5229.0,30377.43261315325,105497.0,-9937.0,,,,
9,0.0,0.0,1.0,688.0,688.0,55.0,344.0,0.0,,,0.0,5.4869184494018555,,,,,,,,,,,,,,,,,,,,,-2942.7636363636366,15218.632591738133,107675.0,-9937.0,,,,
10,0.0,0.0,1.0,838.0,838.0,75.0,419.0,0.0,,,0.0,6.592173099517822,,,,,,,,,,,,,,,,,,,,,-5347.346666666666,2221.0524561917837,-4.0,-9937.0,,,,
11,0.0,0.0,1.0,988.0,988.0,75.0,494.0,0.0,,,0.0,7.603830575942993,,,,,,,,,,,,,,,,,,,,,-4973.013333333333,1858.9102290918254,-4.0,-9937.0,,,,
12,0.0,0.0,1.0,1014.0,1014.0,13.0,507.0,0.0,,,0.0,7.879762411117554,,,,,,,,,,,,,,,,,,,,,4640.923076923077,29881.8468548318,107675.0,-9937.0,,,,
13,0.0,0.0,1.0,1164.0,1164.0,75.0,582.0,0.0,,,0.0,8.885845184326172,,,,,,,,,,,,,,,,,,,,,-5122.746666666667,2020.0050435140556,-4.0,-9937.0,,,,
14,0.0,0.0,1.0,1300.0,1300.0,68.0,650.0,0.0,,,0.0,9.900030612945557,,,,,,,,,,,,,,,,,,,,,-3404.0882352941176,13746.255711300071,107675.0,-9937.0,,,,
15,0.0,0.0,1.0,1450.0,1450.0,75.0,725.0,0.0,,,0.0,10.930776834487915,,,,,,,,,,,,,,,,,,,,,-4973.013333333333,1858.910229091825,-4.0,-9937.0,,,,
16,0.0,0.0,1.0,1600.0,1600.0,75.0,800.0,0.0,,,0.0,11.935612678527832,,,,,,,,,,,,,,,,,,,,,-5197.613333333334,2087.1696362511816,-9.0,-9937.0,,,,
17,0.0,0.0,1.0,1702.0,1702.0,51.0,851.0,0.0,,,0.0,12.619923114776611,,,,,,,,,,,,,,,,,,,,,-2711.156862745098,15767.280174241881,107675.0,-9937.0,,,,
18,0.0,0.0,1.0,1724.0,1724.0,11.0,862.0,0.0,,,0.0,12.812376260757446,,,,,,,,,,,,,,,,,,,,,6316.909090909091,32202.725459062243,107675.0,-9937.0,,,,
19,0.0,0.0,1.0,1874.0,1874.0,75.0,937.0,0.0,,,0.0,13.713888168334961,,,,,,,,,,,,,,,,,,,,,-5197.613333333334,2091.899110972823,-4.0,-9937.0,,,,
20,0.0,0.0,1.0,1922.0,1922.0,24.0,961.0,0.0,,,0.0,14.06100344657898,,,,,,,,,,,,,,,,,,,,,-5.833333333333333,22609.60565347294,107675.0,-9937.0,,,,
21,0.0,0.0,1.0,2072.0,2072.0,75.0,1036.0,0.0,,,1.0,15.072253704071045,,,,,,,,,,,,,,,,,,,,,-5272.48,2158.808321644143,-4.0,-9937.0,,,,
22,74.0,0.0,0.0,2222.0,2222.0,75.0,1111.0,0.0,-355.0,-355.0,1.0,45.34515166282654,,,,,,,,,234.28625993470888,109.94769040765247,443.3125915527344,82.40776824951172,0.00025000000000000006,5.421010862427522e-20,0.00025,0.00025,351.22,460.58,2678.8538,26.267838,-5197.613333333334,2091.899110972823,-4.0,-9937.0,5.255618574791904,2.7690534798830653,9.63692043636622,-0.003459271043538381
23,112.0,0.0,0.0,2298.0,2298.0,38.0,1149.0,0.0,-79.0,-79.0,0.0,54.33263540267944,,,,,,,,,193.88480858345565,165.1517053563831,914.626953125,0.0017782903742045164,0.00025000000000000006,5.421010862427522e-20,0.00025,0.00025,16211.618,11526.61,52265.01,999.32776,-2101.9210526315787,18226.376711241406,107675.0,-9937.0,3.28603421715358,5.575343695215012,10.000000328157984,-7.4558876937817296
24,151.0,0.0,0.0,2376.0,2376.0,39.0,1188.0,0.0,-83.0,-83.0,1.0,63.4154589176178,,,,,,,,,1257.8521920254357,1338.6452856381702,5421.1298828125,46.92726516723633,0.00025000000000000006,5.421010862427522e-20,0.00025,0.00025,131031.25,97685.51,367432.84,14588.119,-2163.2051282051284,17995.153698276354,107675.0,-9937.0,2.1642986167500835,7.7120922848771025,10.000000305195268,-8.80399301120816
25,226.0,0.0,0.0,2526.0,2526.0,75.0,1263.0,0.0,-310.0,-310.0,0.0,80.8441059589386,,,,,,,,,6655.417395514411,6497.814358241189,37405.5078125,266.4754333496094,0.00025000000000000006,5.421010862427522e-20,0.00025,0.00025,699881.8,556928.06,2206796.8,91767.09,-4523.8133333333335,1145.3763479699103,-4.0,-9937.0,-4.581484824226218,7.373154836915357,10.000000000113147,-9.200000000682984
26,301.0,0.0,0.0,2676.0,2676.0,75.0,1338.0,0.0,-305.0,-305.0,0.0,97.18624520301819,,,,,,,,,7347.975693161423,4479.296234086957,27535.375,1130.957763671875,0.00025000000000000006,5.421010862427522e-20,0.00025,0.00025,620406.75,351595.38,1844341.5,140069.12,-4448.946666666667,956.7523942077293,-4.0,-9937.0,-1.7963195536714378,7.856576929365514,10.00000038333307,-9.200000503060501
27,376.0,0.0,0.0,2826.0,2826.0,75.0,1413.0,0.0,-305.0,-305.0,1.0,114.44325232505798,,,,,,,,,2105.4170736364417,1689.3608936219987,8921.7255859375,251.2035675048828,0.00025000000000000006,5.421010862427522e-20,0.00025,0.00025,198624.45,105481.1,609571.25,47661.473,-4448.946666666667,956.7523942077293,-4.0,-9937.0,-3.1190612917412484,6.698475421786628,10.000000036058811,-9.200000474257527
28,451.0,0.0,0.0,2976.0,2976.0,75.0,1488.0,0.0,-325.0,-325.0,1.0,130.79664826393127,,,,,,,,,1010.0383121387379,1061.8394000163896,6736.0625,90.31422424316406,0.00025000000000000006,5.421010862427522e-20,0.00025,0.00025,109189.3,55552.56,282823.3,21784.104,-4748.413333333333,1560.1802040647597,-4.0,-9937.0,-1.5308286254425019,6.596183908347144,9.999999999990958,-9.199999999959118
29,526.0,0.0,0.0,3126.0,3126.0,75.0,1563.0,0.0,-350.0,-350.0,1.0,150.95345783233643,,,,,,,,,798.2833023071289,612.0958873430615,4046.46044921875,125.68284606933594,0.00025000000000000006,5.421010862427522e-20,0.00025,0.00025,103124.75,50434.31,233344.06,17338.754,-5122.746666666667,2020.0050435140558,-4.0,-9937.0,0.9904129879930689,6.884091704751061,9.999999961207624,-9.199999401166721
30,601.0,0.0,0.0,3276.0,3276.0,75.0,1638.0,0.0,-340.0,-340.0,0.0,167.181578874588,,,,,,,,,883.0304002504091,796.9811915505237,5479.12109375,64.2306137084961,0.00025000000000000006,5.421010862427522e-20,0.00025,0.00025,103039.484,58500.758,286706.4,13131.097,-4973.013333333333,1858.9102290918254,-4.0,-9937.0,2.083877262861082,7.496935664421866,9.99999999999988,-9.200000114858344
31,677.0,0.0,0.0,3426.0,3426.0,75.0,1713.0,0.0,,,0.0,183.9706733226776,,,,,,,,,,,,,,,,,,,,,,,,,-3.705751688714842,6.025363376622677,9.993479279883031,-9.195938708810948
32,751.0,0.0,0.0,3576.0,3576.0,75.0,1788.0,0.0,-355.0,-355.0,1.0,202.24997115135193,-305.0,-305.0,0.0,,,,,,716.8731314427143,551.472417496811,3160.9326171875,25.544343948364258,0.00025000000000000006,5.421010862427522e-20,0.00025,0.00025,81284.86,45659.2,221175.17,22116.1,-5197.613333333334,2091.8991109728236,-4.0,-9937.0,0.3144535323701943,7.103869130407829,10.000000206021069,-9.1999999979082
33,826.0,0.0,0.0,3726.0,3726.0,75.0,1863.0,0.0,-370.0,-370.0,1.0,214.10151600837708,,,,,,,,,1076.7356140549118,857.2613545072218,4338.75634765625,174.65396118164062,0.00025000000000000006,5.421010862427522e-20,0.00025,0.00025,106889.41,60122.703,250062.5,24825.771,-5349.613333333334,2215.935612141191,-9.0,-9937.0,1.0592268670391503,5.988989979068175,10.000000001153227,-9.200000314151227
34,901.0,0.0,0.0,3876.0,3876.0,75.0,1938.0,0.0,-370.0,-370.0,0.0,224.7816514968872,,,,,,,,,287.4265665621371,173.84943852345347,911.71044921875,66.70732879638672,0.00025000000000000006,5.421010862427522e-20,0.00025,0.00025,38470.41,26210.275,132373.56,3088.0168,-5349.613333333334,2220.390829821533,-4.0,-9937.0,-0.8533140887100461,5.334130813669995,9.999999971785723,-8.795258658792216
35,976.0,0.0,0.0,4026.0,4026.0,75.0,2013.0,0.0,-350.0,-350.0,0.0,234.63053011894226,,,,,,,,,1049.1671557039829,1482.0082827875297,9404.3544921875,35.998382568359375,0.00025000000000000006,5.421010862427522e-20,0.00025,0.00025,132652.6,131070.61,573813.0,10948.356,-5122.746666666667,2019.861276380688,-4.0,-9937.0,-0.2299717453966199,6.001470899306018,10.000000038782913,-9.186983300395001
36,1051.0,0.0,0.0,4176.0,4176.0,75.0,2088.0,0.0,-300.0,-300.0,1.0,244.23793196678162,,,,,,,,,4422.038970534866,3374.1184131738723,23470.14453125,194.00344848632812,0.00025000000000000006,5.421010862427522e-20,0.00025,0.00025,378918.84,266034.47,1536097.5,111247.18,-4374.08,712.497911295184,-4.0,-4492.0,-3.102492608522524,6.406617558148111,10.0,-9.200000153256143
37,1126.0,0.0,0.0,4326.0,4326.0,75.0,2163.0,0.0,-345.0,-345.0,0.0,253.6283848285675,,,,,,,,,2088.758113757984,1992.2362973327204,12714.81640625,130.86746215820312,0.00025000000000000006,5.421010862427522e-20,0.00025,0.00025,192838.92,141134.44,615239.9,12858.208,-5047.88,1942.5727336704797,-4.0,-9937.0,-2.3052808222134598,5.71184091536302,10.0,-9.990145142726952
38,1128.0,0.0,0.0,4330.0,4330.0,2.0,2165.0,0.0,95.0,95.0,0.0,253.90863251686096,,,,,,,,,231.08795166015625,0.0,231.08795166015625,231.08795166015625,0.00025,0.0,0.00025,0.00025,32410.537,0.0,32410.537,32410.537,1681.0,1582.0,3263.0,99.0,-2.2601488574840416,2.568188301573436,2.3239604913049385,-4.598946083994925
39,1140.0,0.0,0.0,4354.0,4354.0,12.0,2177.0,0.0,45.0,45.0,1.0,255.45879912376404,,,,,,,,,986.7935166792436,758.5286159039802,2728.84619140625,148.56790161132812,0.00025000000000000006,5.421010862427522e-20,0.00025,0.00025,88780.28,35043.324,130234.836,29117.172,5402.0,30980.72100516707,107675.0,-9937.0,-4.135747715030344,3.3385919663853056,9.948646014099731,-8.79908195414859
40,1215.0,0.0,0.0,4504.0,4504.0,75.0,2252.0,0.0,-380.0,-380.0,0.0,264.97619247436523,,,,,,,,,602.2654687005121,514.5517469608604,3611.15869140625,101.90518188476562,0.00025000000000000006,5.421010862427522e-20,0.00025,0.00025,62022.816,33325.49,144397.75,6899.4634,-5571.946666666667,2380.385290344588,-9.0,-9937.0,-5.213765614363948,4.404421276122689,9.997664478609966,-9.147018421971252
41,1291.0,0.0,0.0,4654.0,4654.0,75.0,2327.0,0.0,,,0.0,275.17072772979736,,,,,,,,,,,,,,,,,,,,,,,,,-2.9224241799898065,3.1217605464050227,9.885372176037071,-6.800000218268723
42,1365.0,0.0,0.0,4804.0,4804.0,75.0,2402.0,0.0,-350.0,-350.0,1.0,284.7503788471222,-390.0,-390.0,0.0,,,,,,1995.5398551322319,1568.6098229387771,9812.46875,173.49392700195312,0.00025000000000000006,5.421010862427522e-20,0.00025,0.00025,252614.84,184062.22,894078.8,57384.465,-5050.1466666666665,1942.0162285166987,-4.0,-9937.0,-3.502498841021154,6.561784147252877,10.000000000104302,-9.199999831585524
43,1440.0,0.0,0.0,4954.0,4954.0,75.0,2477.0,0.0,-340.0,-340.0,1.0,296.1925232410431,,,,,,,,,1664.9069160255226,1110.8652125386272,5426.67431640625,177.13192749023438,0.00025000000000000006,5.421010862427522e-20,0.00025,0.00025,209448.45,119450.61,632208.25,41023.8,-4973.013333333333,1858.910229091825,-4.0,-9937.0,-2.8790419808990935,6.410799128828541,9.999999973758415,-9.200000080041212
44,1515.0,0.0,0.0,5104.0,5104.0,75.0,2552.0,0.0,-305.0,-305.0,0.0,305.8348801136017,,,,,,,,,1149.7186345280827,765.549841727744,4445.87744140625,132.95591735839844,0.00025000000000000006,5.421010862427522e-20,0.00025,0.00025,176755.14,95966.734,552413.7,32487.25,-4448.946666666667,956.7523942077293,-4.0,-9937.0,-5.177219964878304,5.358004849939834,10.0,-9.20000048246851
45,1590.0,0.0,0.0,5254.0,5254.0,75.0,2627.0,0.0,-350.0,-350.0,0.0,315.7211883068085,,,,,,,,,1256.849981771933,971.9866219009834,6264.56884765625,278.5257568359375,0.00025000000000000006,5.421010862427522e-20,0.00025,0.00025,197141.61,131598.27,614822.1,30188.87,-5122.746666666667,2020.0050435140556,-4.0,-9937.0,-6.05245700501932,5.0867768204563735,10.0,-9.200000456976715
46,1665.0,0.0,0.0,5404.0,5404.0,75.0,2702.0,0.0,-355.0,-355.0,0.0,325.6038963794708,,,,,,,,,1119.9305673547692,671.5531804928023,4554.337890625,200.9380645751953,0.00025000000000000006,5.421010862427522e-20,0.00025,0.00025,184423.78,99545.61,474999.2,55662.844,-5197.613333333334,2091.899110972823,-4.0,-9937.0,-5.793806018165911,3.2098848737238934,9.999577274017511,-9.200000523019714
47,1668.0,0.0,0.0,5410.0,5410.0,3.0,2705.0,0.0,91.0,91.0,1.0,326.0049843788147,,,,,,,,,305.8520965576172,87.22306823730469,393.0751647949219,218.6290283203125,0.00025,0.0,0.00025,0.00025,179631.56,15492.117,195123.67,164139.44,37012.333333333336,49982.74415124572,107675.0,99.0,-3.644360417883504,1.3770138471961506,4.904394112152104,-8.800000221166487
48,1743.0,0.0,0.0,5560.0,5560.0,75.0,2780.0,0.0,-222.0,-222.0,1.0,336.8558807373047,,,,,,,,,1842.9443355251003,1719.0814184705512,12939.701171875,242.97842407226562,0.00025000000000000006,5.421010862427522e-20,0.00025,0.00025,255720.25,186104.89,1039607.6,52792.72,-3133.56,12983.568899435933,107675.0,-9937.0,-0.764873430734774,7.844957631002798,10.0,-9.20000002669334
49,1818.0,0.0,0.0,5710.0,5710.0,75.0,2855.0,0.0,-330.0,-330.0,0.0,354.0982356071472,,,,,,,,,3205.1192486737227,3199.832249304952,13931.310546875,90.7403335571289,0.00025000000000000006,5.421010862427522e-20,0.00025,0.00025,448660.97,321361.88,1600749.2,93191.39,-4823.28,1669.0817719932118,-4.0,-9937.0,-5.075614274171337,6.280356052663317,10.0,-9.200000464810957
50,1893.0,0.0,0.0,5860.0,5860.0,75.0,2930.0,0.0,-320.0,-320.0,0.0,372.697726726532,,,,,,,,,5570.568548254065,5070.228459516761,30295.203125,663.6973876953125,0.00025000000000000006,5.421010862427522e-20,0.00025,0.00025,762544.3,478594.56,2193396.2,203172.1,-4673.546666666667,1439.1944070053758,-4.0,-9937.0,-3.7340016027095184,6.708710568646056,10.0,-9.200000521474365
51,1969.0,0.0,0.0,6010.0,6010.0,14.0,3005.0,0.0,,,0.0,390.82140278816223,,,,,,,,,,,,,,,,,,,,,,,,,-8.41082135267713,2.1391360130820245,-0.40000000596046575,-9.19999986839761
52,2043.0,0.0,0.0,6160.0,6160.0,75.0,3080.0,0.0,-320.0,-320.0,1.0,407.2697260379791,40.0,40.0,0.0,,,,,,3330.678851565799,2227.86842622939,14537.6796875,495.7568054199219,0.00025000000000000006,5.421010862427522e-20,0.00025,0.00025,612935.4,360870.2,2104881.5,173749.38,-4673.546666666667,1439.1944070053758,-4.0,-9937.0,-4.171898305528925,5.91826637647593,10.0,-9.20000047946734
53,2118.0,0.0,0.0,6310.0,6310.0,75.0,3155.0,0.0,-300.0,-300.0,0.0,418.35007309913635,,,,,,,,,5251.068893020218,5075.812217819582,20809.79296875,319.99664306640625,0.00025000000000000006,5.421010862427522e-20,0.00025,0.00025,836635.8,633162.25,2836169.0,181983.11,-4374.08,712.497911295184,-4.0,-4492.0,-5.80683301667403,4.461115736405874,10.0,-9.200000515713683
54,2193.0,0.0,0.0,6460.0,6460.0,75.0,3230.0,0.0,-325.0,-325.0,1.0,427.7803301811218,,,,,,,,,4505.809160902693,3827.5214717817876,18233.662109375,125.4176254272461,0.00025000000000000006,5.421010862427522e-20,0.00025,0.00025,852540.3,444764.94,2211600.0,230704.33,-4748.413333333333,1560.1802040647597,-4.0,-9937.0,-3.088378421055447,5.524775230937248,10.0,-9.200000286193154
55,2268.0,0.0,0.0,6610.0,6610.0,75.0,3305.0,0.0,-325.0,-325.0,0.0,436.9029335975647,,,,,,,,,8230.353829873575,5352.223340304604,24753.5859375,564.6262817382812,0.00025000000000000006,5.421010862427522e-20,0.00025,0.00025,1214718.8,622362.4,3526460.8,241594.23,-4748.413333333333,1560.1802040647597,-4.0,-9937.0,-4.69140924174906,6.0667114874363435,10.0,-9.200000476731235
56,2328.0,0.0,0.0,6730.0,6730.0,60.0,3365.0,0.0,-137.0,-137.0,0.0,444.27599453926086,,,,,,,,,5953.560329631224,3690.375460564497,18723.193359375,654.1854248046875,0.00025,0.0,0.00025,0.00025,942836.25,428836.75,1945692.5,323902.56,-2416.7833333333333,14378.375975855393,107675.0,-4492.0,-6.148172044428455,3.446341589860384,10.0,-9.200000262595227
57,2394.0,0.0,0.0,6862.0,6862.0,66.0,3431.0,0.0,-182.0,-182.0,1.0,452.59768652915955,,,,,,,,,3477.235549692007,1775.304541587894,8666.095703125,663.5032958984375,0.00025,0.0,0.00025,0.00025,677719.56,330392.66,1531790.4,191580.58,-2962.757575757576,13697.696184373935,106586.0,-9937.0,-3.1270443110627273,6.387602857272347,10.0,-9.200000520711058
58,2469.0,0.0,0.0,7012.0,7012.0,75.0,3506.0,0.0,-325.0,-325.0,0.0,462.40736174583435,,,,,,,,,3949.0869783968537,2505.5754871448753,12607.0380859375,438.65802001953125,0.00025000000000000006,5.421010862427522e-20,0.00025,0.00025,626625.6,350320.38,1897031.9,202858.98,-4748.413333333333,1553.8331535771642,-9.0,-9937.0,-2.0457220203773736,7.261262378891748,10.0,-9.200000072006628
59,2494.0,0.0,0.0,7062.0,7062.0,25.0,3531.0,0.0,-19.0,-19.0,1.0,465.75362491607666,,,,,,,,,4029.273722330729,2413.1269635764306,10607.236328125,675.3736572265625,0.00025,0.0,0.00025,0.00025,796029.0,330933.66,1675723.9,271948.8,-499.72,21815.59384755776,105497.0,-9937.0,-0.6293341748966947,6.329836197971601,10.0,-9.199999809265137
60,2569.0,0.0,0.0,7212.0,7212.0,75.0,3606.0,0.0,-315.0,-315.0,0.0,476.66926741600037,,,,,,,,,5134.438175510716,5551.867066902658,43062.8203125,477.174072265625,0.00025000000000000006,5.421010862427522e-20,0.00025,0.00025,1147383.6,701120.0,3911588.0,262239.66,-4598.68,1302.761980409315,-4.0,-9937.0,-4.65792199697518,5.703149059425988,10.0,-9.200000449209874
