Episode #,Training Iter,Epoch,In Heatup,ER #Transitions,ER #Episodes,Episode Length,Total steps,Epsilon,Shaped Training Reward,Training Reward,Update Target Network,Wall-Clock Time,Evaluation Reward,Shaped Evaluation Reward,Success Rate,Inverse Propensity Score,Direct Method Reward,Doubly Robust,Weighted Importance Sampling,Sequential Doubly Robust,Loss/Mean,Loss/Stdev,Loss/Max,Loss/Min,Learning Rate/Mean,Learning Rate/Stdev,Learning Rate/Max,Learning Rate/Min,Grads (unclipped)/Mean,Grads (unclipped)/Stdev,Grads (unclipped)/Max,Grads (unclipped)/Min,Discounted Return/Mean,Discounted Return/Stdev,Discounted Return/Max,Discounted Return/Min,Q/Mean,Q/Stdev,Q/Max,Q/Min
1,0.0,0.0,1.0,150.0,150.0,75.0,75.0,0.0,,,0.0,0.012122154235839844,,,,,,,,,,,,,,,,,,,,,-21057.106666666667,8895.839019186942,-4.0,-39472.0,,,,
2,0.0,0.0,1.0,168.0,168.0,9.0,84.0,0.0,,,0.0,0.09878301620483398,,,,,,,,,,,,,,,,,,,,,33388.0,138021.75282742773,422264.0,-39472.0,,,,
3,0.0,0.0,1.0,318.0,318.0,75.0,159.0,0.0,,,0.0,0.3717050552368164,,,,,,,,,,,,,,,,,,,,,-20467.373333333333,8372.97988336822,-4.0,-39472.0,,,,
4,0.0,0.0,1.0,332.0,332.0,7.0,166.0,0.0,,,0.0,0.41957592964172363,,,,,,,,,,,,,,,,,,,,,52405.28571428572,154832.0716764865,430976.0,-17692.0,,,,
5,0.0,0.0,1.0,374.0,374.0,21.0,187.0,0.0,,,0.0,0.5121793746948242,,,,,,,,,,,,,,,,,,,,,4620.666666666667,95674.4777493098,430976.0,-39472.0,,,,
6,0.0,0.0,1.0,508.0,508.0,67.0,254.0,0.0,,,0.0,0.7501616477966309,,,,,,,,,,,,,,,,,,,,,-13999.223880597016,55518.15594754161,430976.0,-39472.0,,,,
7,0.0,0.0,1.0,600.0,600.0,46.0,300.0,0.0,,,0.0,0.9222555160522461,,,,,,,,,,,,,,,,,,,,,-8948.065217391304,66034.75934108398,430976.0,-39472.0,,,,
8,0.0,0.0,1.0,668.0,668.0,34.0,334.0,0.0,,,0.0,1.054558277130127,,,,,,,,,,,,,,,,,,,,,-5211.529411764706,76376.33568611006,430976.0,-39472.0,,,,
9,0.0,0.0,1.0,712.0,712.0,22.0,356.0,0.0,,,0.0,1.1615307331085205,,,,,,,,,,,,,,,,,,,,,1580.7727272727273,94257.40028334975,430976.0,-39472.0,,,,
10,0.0,0.0,1.0,862.0,862.0,75.0,431.0,0.0,,,0.0,1.4189722537994385,,,,,,,,,,,,,,,,,,,,,-20467.373333333333,8372.97988336822,-4.0,-39472.0,,,,
11,0.0,0.0,1.0,978.0,978.0,58.0,489.0,0.0,,,0.0,1.624603509902954,,,,,,,,,,,,,,,,,,,,,-12282.327586206897,59350.60548782967,430976.0,-39472.0,,,,
12,0.0,0.0,1.0,988.0,988.0,5.0,494.0,0.0,,,0.0,1.6605494022369385,,,,,,,,,,,,,,,,,,,,,80444.2,175529.27416063682,430976.0,-17692.0,,,,
13,0.0,0.0,1.0,1120.0,1120.0,66.0,560.0,0.0,,,0.0,1.900538682937622,,,,,,,,,,,,,,,,,,,,,-12535.954545454546,54515.015038236445,422264.0,-39472.0,,,,
14,0.0,0.0,1.0,1152.0,1152.0,16.0,576.0,0.0,,,0.0,1.977271556854248,,,,,,,,,,,,,,,,,,,,,10211.1875,109172.38314829141,430976.0,-39472.0,,,,
15,0.0,0.0,1.0,1302.0,1302.0,75.0,651.0,0.0,,,0.0,2.234908103942871,,,,,,,,,,,,,,,,,,,,,-20766.706666666665,8641.960706187509,-4.0,-39472.0,,,,
16,0.0,0.0,1.0,1346.0,1346.0,22.0,673.0,0.0,,,0.0,2.331413745880127,,,,,,,,,,,,,,,,,,,,,1797.0454545454545,92354.33671880634,422264.0,-39472.0,,,,
17,0.0,0.0,1.0,1496.0,1496.0,75.0,748.0,0.0,,,0.0,2.5960488319396973,,,,,,,,,,,,,,,,,,,,,-20467.373333333333,8363.67757193502,-9.0,-39472.0,,,,
18,0.0,0.0,1.0,1646.0,1646.0,75.0,823.0,0.0,,,0.0,2.860044479370117,,,,,,,,,,,,,,,,,,,,,-20176.97333333333,8081.428388551673,-4.0,-39472.0,,,,
19,0.0,0.0,1.0,1652.0,1652.0,3.0,826.0,0.0,,,0.0,2.8896987438201904,,,,,,,,,,,,,,,,,,,,,145868.33333333334,201618.65924616752,430976.0,99.0,,,,
20,0.0,0.0,1.0,1656.0,1656.0,2.0,828.0,0.0,,,0.0,2.9207353591918945,,,,,,,,,,,,,,,,,,,,,3314.5,3215.5,6530.0,99.0,,,,
21,0.0,0.0,1.0,1806.0,1806.0,75.0,903.0,0.0,,,0.0,3.1841647624969482,,,,,,,,,,,,,,,,,,,,,-21946.173333333332,9549.29750906433,-9.0,-39472.0,,,,
22,0.0,0.0,1.0,1946.0,1946.0,70.0,973.0,0.0,,,0.0,3.426286458969116,,,,,,,,,,,,,,,,,,,,,-13525.628571428571,54150.766984720256,430976.0,-39472.0,,,,
23,0.0,0.0,1.0,2096.0,2096.0,75.0,1048.0,0.0,,,1.0,3.6817493438720703,,,,,,,,,,,,,,,,,,,,,-20762.24,8643.330188208709,-4.0,-39472.0,,,,
24,7.0,0.0,0.0,2112.0,2112.0,8.0,1056.0,0.0,71.0,71.0,0.0,5.4598400592803955,,,,,,,,,437.8321838378906,2.146350360050234,441.6283874511719,434.7059020996094,0.00025,0.0,0.00025,0.00025,56.623768,28.214504,106.44369,28.647396,43643.125,146675.75580122086,430976.0,-17692.0,0.05634143533232863,0.05454193439273875,0.30668806276448923,-0.02589967474341337
25,69.0,0.0,0.0,2236.0,2236.0,62.0,1118.0,0.0,-197.0,-197.0,0.0,13.69899845123291,,,,,,,,,213.79857097688267,85.43706987809476,417.4715576171875,92.39688110351562,0.00025,0.0,0.00025,0.00025,255.84859,137.36143,805.43365,39.977966,-13136.112903225807,56431.74363466491,422264.0,-39472.0,5.774772113972511,2.1422292480030634,9.15591199938495,0.2799773283302789
26,144.0,0.0,0.0,2386.0,2386.0,75.0,1193.0,0.0,-370.0,-370.0,1.0,23.37757110595703,,,,,,,,,2159.4320554153337,2835.0248168952285,12016.66796875,2.765946865081787,0.00025000000000000006,5.421010862427522e-20,0.00025,0.00025,203932.8,257227.05,1170556.2,538.24603,-21061.573333333334,8894.360337762102,-4.0,-39472.0,2.1510206650083528,6.513438116713943,10.0,-8.80000041850239
27,219.0,0.0,0.0,2536.0,2536.0,75.0,1268.0,0.0,-315.0,-315.0,0.0,32.41514039039612,,,,,,,,,3446.235107421875,2357.7358375903304,11932.7431640625,344.2725830078125,0.00025000000000000006,5.421010862427522e-20,0.00025,0.00025,335866.7,195806.72,895757.6,77858.11,-17818.04,4567.031477710659,-4.0,-39472.0,0.35582013825437836,8.170135421177518,10.00000000000004,-9.200000313359872
28,288.0,0.0,0.0,2674.0,2674.0,69.0,1337.0,0.0,-173.0,-173.0,1.0,40.67978024482727,,,,,,,,,815.1547365749584,982.7227382357553,6069.10986328125,113.46289825439453,0.00025,0.0,0.00025,0.00025,57581.277,51824.906,232941.42,5393.6987,-10580.68115942029,53665.20073823587,430976.0,-17692.0,2.305939126762516,7.6251065680206525,10.000000004900059,-9.200000362233329
29,363.0,0.0,0.0,2824.0,2824.0,75.0,1412.0,0.0,-300.0,-300.0,1.0,49.50032424926758,,,,,,,,,270.4434664958232,76.66863879592488,531.583740234375,120.3569564819336,0.00025000000000000006,5.421010862427522e-20,0.00025,0.00025,5900.605,7807.646,41312.535,610.8235,-17223.84,2828.4815386351734,-4.0,-17692.0,3.9206413253449863,3.1682513445075626,9.500765621923712,-2.727578795088972
30,438.0,0.0,0.0,2974.0,2974.0,75.0,1487.0,0.0,-300.0,-300.0,0.0,58.36025643348694,,,,,,,,,135.71986275750237,38.964664546415484,249.55905151367188,73.4963150024414,0.00025000000000000006,5.421010862427522e-20,0.00025,0.00025,1181.4448,700.38916,3220.9038,217.64578,-17223.84,2828.4815386351734,-4.0,-17692.0,6.503006572022108,2.0904557020768118,9.861768810476736,-0.905963689169913
31,513.0,0.0,0.0,3124.0,3124.0,75.0,1562.0,0.0,-345.0,-345.0,0.0,67.1977231502533,,,,,,,,,127.02145862579346,60.11461787468123,377.25018310546875,24.562559127807617,0.00025000000000000006,5.421010862427522e-20,0.00025,0.00025,4813.6045,5148.3584,30488.879,731.8892,-19877.64,7770.440038401943,-4.0,-39472.0,6.643198343569502,2.935893446981398,9.996239960795318,-3.402133887410686
32,588.0,0.0,0.0,3274.0,3274.0,75.0,1637.0,0.0,-350.0,-350.0,1.0,76.083425283432,,,,,,,,,148.6112014409658,72.30758858674456,351.3269958496094,21.395864486694336,0.00025000000000000006,5.421010862427522e-20,0.00025,0.00025,5609.122,5472.8613,34051.074,1079.4282,-20172.506666666668,8082.710659794495,-4.0,-39472.0,5.863396550889071,4.570731251855241,9.999846467217894,-6.857897480907575
33,664.0,0.0,0.0,3424.0,3424.0,75.0,1712.0,0.0,,,0.0,85.94371151924133,,,,,,,,,,,,,,,,,,,,,,,,,5.6046314754178,2.15090622535305,9.538236108113198,-1.9735683977117935
34,725.0,0.0,0.0,3548.0,3548.0,62.0,1774.0,0.0,-165.0,-165.0,1.0,93.33225011825562,-300.0,-300.0,0.0,,,,,,156.43077400082447,183.35362545178958,1291.46923828125,37.77214050292969,0.00025,0.0,0.00025,0.00025,13131.545,17573.758,95916.484,800.6348,-11204.564516129032,57008.02514265156,430976.0,-39472.0,8.284341961504934,3.038081638053597,9.999999546854273,-8.375790099294417
35,727.0,0.0,0.0,3552.0,3552.0,2.0,1776.0,0.0,95.0,95.0,0.0,93.59680891036987,,,,,,,,,245.11239624023438,0.0,245.11239624023438,245.11239624023438,0.00025,0.0,0.00025,0.00025,28647.299,0.0,28647.299,28647.299,3314.5,3215.5,6530.0,99.0,0.8242351324092039,2.766347426843572,9.999938439438475,-0.8000246197960601
36,802.0,0.0,0.0,3702.0,3702.0,75.0,1851.0,0.0,-330.0,-330.0,0.0,102.62441921234131,,,,,,,,,1774.348233815786,1607.3244403061078,7063.986328125,128.99945068359375,0.00025000000000000006,5.421010862427522e-20,0.00025,0.00025,159285.84,143321.94,616371.4,20522.648,-18702.64,6231.481556612359,-4.0,-39472.0,-0.9923324400466909,7.319133654160424,10.0,-9.200000030822084
37,877.0,0.0,0.0,3852.0,3852.0,75.0,1926.0,0.0,-330.0,-330.0,1.0,111.59648489952087,,,,,,,,,960.7098469089817,794.1591232234147,4896.89697265625,142.2212371826172,0.00025000000000000006,5.421010862427522e-20,0.00025,0.00025,84822.625,85733.375,444083.94,9430.654,-18993.04,6669.704829930632,-4.0,-39472.0,3.1637550165224084,7.7250362191897715,10.000000000012072,-9.19658920180465
38,952.0,0.0,0.0,4002.0,4002.0,75.0,2001.0,0.0,-360.0,-360.0,1.0,120.35548686981201,,,,,,,,,190.82280360041437,56.229966894374776,325.65728759765625,82.71998596191406,0.00025000000000000006,5.421010862427522e-20,0.00025,0.00025,8015.468,4764.0513,22677.744,1166.4312,-20762.24,8643.330188208709,-4.0,-39472.0,3.051448104966552,5.20967659273512,9.99976937201214,-9.176761508820459
39,1027.0,0.0,0.0,4152.0,4152.0,75.0,2076.0,0.0,-350.0,-350.0,1.0,129.09386897087097,,,,,,,,,258.53581397597856,194.85827466963687,1115.1329345703125,59.41725540161133,0.00025000000000000006,5.421010862427522e-20,0.00025,0.00025,26252.71,21217.928,97275.54,1537.4877,-20172.506666666668,8073.073888548002,-9.0,-39472.0,1.6160762677425224,7.429436094617805,9.999998522479153,-9.199639662145866
40,1102.0,0.0,0.0,4302.0,4302.0,75.0,2151.0,0.0,-345.0,-345.0,0.0,137.84536838531494,,,,,,,,,643.1729630135201,471.47330926191165,3170.944580078125,62.33019256591797,0.00025000000000000006,5.421010862427522e-20,0.00025,0.00025,74200.27,60447.83,277918.94,9211.417,-19877.64,7770.440038401943,-4.0,-39472.0,6.505756587408143,5.590459235233306,10.000000002914188,-9.199899542202454
41,1177.0,0.0,0.0,4452.0,4452.0,75.0,2226.0,0.0,-325.0,-325.0,1.0,146.58232283592224,,,,,,,,,1838.6697583585171,1302.452718339298,9599.556640625,137.08949279785156,0.00025000000000000006,5.421010862427522e-20,0.00025,0.00025,199247.89,116444.96,533028.56,55386.473,-18698.173333333332,6232.087811476628,-4.0,-39472.0,-4.1499738279297045,6.892611962469439,10.0,-9.200000406419518
42,1252.0,0.0,0.0,4602.0,4602.0,75.0,2301.0,0.0,-340.0,-340.0,1.0,155.34256029129028,,,,,,,,,1581.819345835093,1089.3113455005375,5369.9677734375,304.9938659667969,0.00025000000000000006,5.421010862427522e-20,0.00025,0.00025,166596.8,104159.9,509778.66,33977.54,-19582.773333333334,7422.91606234519,-9.0,-39472.0,-1.1752289567190046,5.996158481554688,10.0,-9.370101517812705
43,1328.0,0.0,0.0,4752.0,4752.0,75.0,2376.0,0.0,,,0.0,165.13109469413757,,,,,,,,,,,,,,,,,,,,,,,,,-4.7659751641613886,4.0070165076470206,9.99613509319751,-9.600000411101158
44,1402.0,0.0,0.0,4902.0,4902.0,75.0,2451.0,0.0,-335.0,-335.0,1.0,173.99199295043945,-340.0,-340.0,0.0,,,,,,764.0912815815693,510.59458408873917,2450.16357421875,158.48721313476562,0.00025000000000000006,5.421010862427522e-20,0.00025,0.00025,75216.22,46787.875,211928.77,11314.9,-18997.506666666668,6668.940866181243,-4.0,-39472.0,-5.943281767803902,4.898761399094645,9.999979510492107,-9.600000585116907
45,1477.0,0.0,0.0,5052.0,5052.0,75.0,2526.0,0.0,-305.0,-305.0,0.0,182.76406168937683,,,,,,,,,1393.5576094550056,1415.5530169139427,7562.685546875,127.95662689208984,0.00025000000000000006,5.421010862427522e-20,0.00025,0.00025,186009.31,154614.33,891641.9,24276.555,-17518.706666666665,3809.9626446929315,-4.0,-39472.0,-0.6355616204791097,6.788844903168922,10.000000000451227,-9.600000381897676
46,1552.0,0.0,0.0,5202.0,5202.0,75.0,2601.0,0.0,-315.0,-315.0,1.0,191.63366150856018,,,,,,,,,12168.23405456543,9281.851266391635,58386.41015625,377.7080993652344,0.00025000000000000006,5.421010862427522e-20,0.00025,0.00025,1570770.0,878108.1,3624593.8,274304.28,-18108.44,5198.5721430408175,-4.0,-39472.0,-0.663850593284568,8.24890407668369,10.0,-9.600000381469727
47,1627.0,0.0,0.0,5352.0,5352.0,75.0,2676.0,0.0,-325.0,-325.0,1.0,200.45615363121033,,,,,,,,,17486.493058488177,11900.04733287031,83190.078125,2552.94287109375,0.00025000000000000006,5.421010862427522e-20,0.00025,0.00025,1985754.8,1217348.4,6012786.0,579844.2,-18698.173333333332,6219.5843020217635,-9.0,-39472.0,-2.3735960553210607,7.311594452712913,10.0,-9.20000040422588
48,1702.0,0.0,0.0,5502.0,5502.0,75.0,2751.0,0.0,-305.0,-305.0,0.0,209.4211461544037,,,,,,,,,8841.597580368454,4733.881254921963,26161.57421875,3309.756591796875,0.00025000000000000006,5.421010862427522e-20,0.00025,0.00025,970528.44,592180.56,2819216.0,241168.88,-17518.706666666665,3809.9626446929315,-4.0,-39472.0,-5.505693261344321,4.419799061931366,10.0,-9.200000047653754
49,1777.0,0.0,0.0,5652.0,5652.0,75.0,2826.0,0.0,-325.0,-325.0,1.0,218.45791578292847,,,,,,,,,5461.340660301415,3854.6245016782145,29993.7421875,1357.1151123046875,0.00025000000000000006,5.421010862427522e-20,0.00025,0.00025,631582.75,341767.47,1288612.0,144943.73,-18698.173333333332,6232.087811476629,-4.0,-39472.0,-3.1467898515274952,4.488189775197909,10.0,-9.200000167648112
50,1852.0,0.0,0.0,5802.0,5802.0,75.0,2901.0,0.0,-315.0,-315.0,0.0,227.46268463134766,,,,,,,,,2624.1403288970123,1871.3174414813743,7615.791015625,433.880859375,0.00025000000000000006,5.421010862427522e-20,0.00025,0.00025,387630.4,223942.6,1131168.8,79400.86,-18108.44,5198.5721430408175,-4.0,-39472.0,-4.402501859635008,4.067930482741881,9.999999809180906,-9.200000395508248
51,1927.0,0.0,0.0,5952.0,5952.0,75.0,2976.0,0.0,-335.0,-335.0,0.0,236.15741109848022,,,,,,,,,2063.1542300662477,1235.1307895168372,6824.32421875,670.57421875,0.00025000000000000006,5.421010862427522e-20,0.00025,0.00025,324896.1,184609.34,840827.7,49450.887,-19287.906666666666,7057.01241635738,-9.0,-39472.0,-3.7849603266177483,6.362794553544157,10.0,-9.200000408686622
52,1929.0,0.0,0.0,5956.0,5956.0,2.0,2978.0,0.0,95.0,95.0,1.0,236.4106321334839,,,,,,,,,763.14111328125,0.0,763.14111328125,763.14111328125,0.00025,0.0,0.00025,0.00025,285560.66,0.0,285560.66,285560.66,3314.5,3215.5,6530.0,99.0,4.514698990392319,5.405025635159615,10.0,-1.2000000490266556
53,2005.0,0.0,0.0,6106.0,6106.0,75.0,3053.0,0.0,,,0.0,245.6757779121399,,,,,,,,,,,,,,,,,,,,,,,,,-6.310544317536301,3.668806195956806,-0.800000011920929,-9.199999827011258
54,2079.0,0.0,0.0,6256.0,6256.0,75.0,3128.0,0.0,-325.0,-325.0,1.0,254.4258987903595,-305.0,-305.0,0.0,,,,,,2203.6756855732688,1162.2422667375934,5769.5244140625,782.979736328125,0.00025000000000000006,5.421010862427522e-20,0.00025,0.00025,368302.53,223183.34,854355.75,79861.57,-18698.173333333332,6232.087811476628,-4.0,-39472.0,-7.0828483528543655,3.2865856021950983,9.999999999999606,-9.200000520838207
55,2106.0,0.0,0.0,6310.0,6310.0,27.0,3155.0,0.0,-5.0,-5.0,0.0,257.7076668739319,,,,,,,,,2646.5543518066406,1581.5795466615882,6427.05078125,729.5054321289062,0.00025,0.0,0.00025,0.00025,425943.28,241874.8,923820.0,154992.0,481.3703703703704,84609.97044003043,430976.0,-17692.0,-4.2288658930377405,7.575902428177753,10.0,-9.200000302322442
56,2181.0,0.0,0.0,6460.0,6460.0,75.0,3230.0,0.0,-335.0,-335.0,1.0,266.44604206085205,,,,,,,,,2426.6091358081712,1224.6848739151785,7665.8623046875,637.697021484375,0.00025000000000000006,5.421010862427522e-20,0.00025,0.00025,393755.53,262235.1,1095671.2,106580.93,-18997.506666666668,6668.940866181243,-4.0,-39472.0,-3.4542145772151818,5.7842025028643365,10.0,-9.200000519853646
57,2256.0,0.0,0.0,6610.0,6610.0,75.0,3305.0,0.0,-300.0,-300.0,1.0,275.2001597881317,,,,,,,,,2383.7755151697106,1645.9770196360125,7381.5869140625,400.79754638671875,0.00025000000000000006,5.421010862427522e-20,0.00025,0.00025,306899.38,203332.44,920372.8,57588.195,-17223.84,2828.4815386351734,-4.0,-17692.0,-2.4595603423654824,5.868251573516415,9.999999999999996,-9.200000520933562
58,2331.0,0.0,0.0,6760.0,6760.0,75.0,3380.0,0.0,-325.0,-325.0,1.0,283.93058943748474,,,,,,,,,1664.3098313615128,1361.975248077839,11095.455078125,298.60870361328125,0.00025000000000000006,5.421010862427522e-20,0.00025,0.00025,245521.95,160264.72,899129.4,65369.707,-18698.173333333332,6219.5843020217635,-9.0,-39472.0,-5.72096669272854,4.313833804017639,9.999999999257094,-9.200000483289962
59,2406.0,0.0,0.0,6910.0,6910.0,75.0,3455.0,0.0,-325.0,-325.0,0.0,292.6664197444916,,,,,,,,,1715.3926775133289,1109.1193820623614,5981.39453125,163.25894165039062,0.00025000000000000006,5.421010862427522e-20,0.00025,0.00025,278338.7,168759.3,762876.8,71970.27,-18698.173333333332,6232.087811476628,-4.0,-39472.0,-2.1231847413405744,7.223279858738573,10.0,-9.20000014515642
60,2481.0,0.0,0.0,7060.0,7060.0,75.0,3530.0,0.0,-315.0,-315.0,0.0,301.55578994750977,,,,,,,,,2111.31441167883,1275.8856905859427,8340.771484375,159.9579620361328,0.00025000000000000006,5.421010862427522e-20,0.00025,0.00025,398084.75,263587.0,1131537.6,100080.73,-18108.44,5198.5721430408175,-4.0,-39472.0,-5.471039849546736,4.580411989373358,10.0,-9.200000452180756
